#include <Adafruit_GFX.h>
#include <Adafruit_SSD1306.h>

#define SCREEN_I2C_ADDR 0x3D // or 0x3C
#define SCREEN_WIDTH 128     // OLED display width, in pixels
#define SCREEN_HEIGHT 64     // OLED display height, in pixels
#define OLED_RST_PIN -1      // Reset pin (-1 if not available)

Adafruit_SSD1306 display(128, 64, &Wire, OLED_RST_PIN);

// OLED Animation: delete
// Code auto-generated by https://wokwi.com/animator, graphics by icons8.com

#define FRAME_DELAY (42)
#define FRAME_WIDTH (48)
#define FRAME_HEIGHT (48)
#define FRAME_COUNT (sizeof(frames) / sizeof(frames[0]))
const byte PROGMEM frames[][288] = {
  {0,0,0,0,0,0,0,0,0,0,0,0,0,0,0,0,0,0,0,0,0,0,0,0,0,0,0,0,0,0,0,0,0,0,0,0,1,0,0,0,0,128,3,128,0,0,1,192,1,192,0,0,3,128,0,224,0,0,7,0,0,112,0,0,14,0,0,56,0,0,28,0,0,28,0,0,56,0,0,14,0,0,112,0,0,7,0,0,224,0,0,3,128,1,192,0,0,1,192,3,128,0,0,0,224,7,0,0,0,0,112,14,0,0,0,0,56,28,0,0,0,0,28,56,0,0,0,0,14,112,0,0,0,0,7,224,0,0,0,0,3,192,0,0,0,0,3,192,0,0,0,0,7,224,0,0,0,0,14,112,0,0,0,0,28,56,0,0,0,0,56,28,0,0,0,0,112,14,0,0,0,0,224,7,0,0,0,1,192,3,128,0,0,3,128,1,192,0,0,7,0,0,224,0,0,14,0,0,112,0,0,28,0,0,56,0,0,56,0,0,28,0,0,112,0,0,14,0,0,224,0,0,7,0,1,192,0,0,3,128,3,128,0,0,1,192,1,0,0,0,0,128,0,0,0,0,0,0,0,0,0,0,0,0,0,0,0,0,0,0,0,0,0,0,0,0,0,0,0,0,0,0,0,0,0,0,0,0},
  {0,0,0,0,0,0,0,0,0,0,0,0,0,0,0,0,0,0,0,0,0,0,0,0,0,0,0,0,0,0,0,0,0,0,0,0,1,0,0,0,0,128,3,128,0,0,1,192,1,192,0,0,3,128,0,224,0,0,7,0,0,112,0,0,14,0,0,56,0,0,28,0,0,28,0,0,56,0,0,14,0,0,112,0,0,7,0,0,224,0,0,3,128,1,192,0,0,1,192,3,128,0,0,0,224,7,0,0,0,0,112,14,0,0,0,0,56,28,0,0,0,0,28,56,0,0,0,0,14,112,0,0,0,0,7,224,0,0,0,0,3,192,0,0,0,0,3,192,0,0,0,0,7,224,0,0,0,0,14,112,0,0,0,0,28,56,0,0,0,0,56,28,0,0,0,0,112,14,0,0,0,0,224,7,0,0,0,1,192,3,128,0,0,3,128,1,192,0,0,7,0,0,224,0,0,14,0,0,112,0,0,28,0,0,56,0,0,56,0,0,28,0,0,112,0,0,14,0,0,224,0,0,7,0,1,192,0,0,3,128,3,128,0,0,1,192,1,0,0,0,0,128,0,0,0,0,0,0,0,0,0,0,0,0,0,0,0,0,0,0,0,0,0,0,0,0,0,0,0,0,0,0,0,0,0,0,0,0},
  {0,0,0,0,0,0,0,0,0,0,0,0,0,0,0,0,0,0,0,0,0,0,0,0,0,0,0,0,0,0,0,0,0,0,0,0,1,0,0,0,0,128,3,128,0,0,1,192,1,192,0,0,3,128,0,224,0,0,7,0,0,112,0,0,14,0,0,56,0,0,28,0,0,28,0,0,56,0,0,14,0,0,112,0,0,7,0,0,224,0,0,3,128,1,192,0,0,1,192,3,128,0,0,0,224,7,0,0,0,0,112,14,0,0,0,0,56,28,0,0,0,0,28,56,0,0,0,0,14,112,0,0,0,0,7,224,0,0,0,0,3,192,0,0,0,0,3,192,0,0,0,0,7,224,0,0,0,0,14,112,0,0,0,0,28,56,0,0,0,0,56,28,0,0,0,0,112,14,0,0,0,0,224,7,0,0,0,1,192,3,128,0,0,3,128,1,192,0,0,7,0,0,224,0,0,14,0,0,112,0,0,28,0,0,56,0,0,56,0,0,28,0,0,112,0,0,14,0,0,224,0,0,7,0,1,192,0,0,3,128,3,128,0,0,1,192,1,0,0,0,0,128,0,0,0,0,0,0,0,0,0,0,0,0,0,0,0,0,0,0,0,0,0,0,0,0,0,0,0,0,0,0,0,0,0,0,0,0},
  {0,0,0,0,0,0,0,0,0,0,0,0,0,0,0,0,0,0,0,0,0,0,0,0,0,0,0,0,0,0,0,0,0,0,0,0,1,0,0,0,0,128,3,128,0,0,1,192,1,192,0,0,3,128,0,224,0,0,7,0,0,112,0,0,14,0,0,56,0,0,28,0,0,28,0,0,56,0,0,14,0,0,112,0,0,7,0,0,224,0,0,3,128,1,192,0,0,1,192,3,128,0,0,0,224,7,0,0,0,0,112,14,0,0,0,0,56,28,0,0,0,0,28,56,0,0,0,0,14,112,0,0,0,0,7,224,0,0,0,0,3,192,0,0,0,0,3,192,0,0,0,0,7,224,0,0,0,0,14,112,0,0,0,0,28,56,0,0,0,0,56,28,0,0,0,0,112,14,0,0,0,0,224,7,0,0,0,1,192,3,128,0,0,3,128,1,192,0,0,7,0,0,224,0,0,14,0,0,112,0,0,28,0,0,56,0,0,56,0,0,28,0,0,112,0,0,14,0,0,224,0,0,7,0,1,192,0,0,3,128,3,128,0,0,1,192,1,0,0,0,0,128,0,0,0,0,0,0,0,0,0,0,0,0,0,0,0,0,0,0,0,0,0,0,0,0,0,0,0,0,0,0,0,0,0,0,0,0},
  {0,0,0,0,0,0,0,0,0,0,0,0,0,0,0,0,0,0,0,0,0,0,0,0,0,0,0,0,0,0,0,0,0,0,0,0,0,0,0,0,0,0,0,0,0,0,0,0,0,0,0,0,0,0,0,0,0,0,0,0,8,0,0,0,0,16,30,0,0,0,0,120,7,0,0,0,0,224,3,192,0,0,3,192,0,224,0,0,7,0,0,120,0,0,30,0,0,28,0,0,56,0,0,15,0,0,240,0,0,3,128,1,192,0,0,1,224,7,128,0,0,0,112,14,0,0,0,0,60,60,0,0,0,0,14,112,0,0,0,0,7,224,0,0,0,0,7,224,0,0,0,0,14,112,0,0,0,0,60,60,0,0,0,0,112,14,0,0,0,1,224,7,128,0,0,3,128,1,192,0,0,15,0,0,240,0,0,28,0,0,56,0,0,120,0,0,30,0,0,224,0,0,7,0,3,192,0,0,3,192,7,0,0,0,0,224,30,0,0,0,0,120,8,0,0,0,0,16,0,0,0,0,0,0,0,0,0,0,0,0,0,0,0,0,0,0,0,0,0,0,0,0,0,0,0,0,0,0,0,0,0,0,0,0,0,0,0,0,0,0,0,0,0,0,0,0,0,0,0,0,0,0,0,0,0,0,0,0},
  {0,0,0,0,0,0,0,0,0,0,0,0,0,0,0,0,0,0,0,0,0,0,0,0,0,0,0,0,0,0,0,0,0,0,0,0,0,0,0,0,0,0,0,0,0,0,0,0,0,0,0,0,0,0,0,0,0,0,0,0,0,0,0,0,0,0,0,0,0,0,0,0,0,0,0,0,0,0,0,0,0,0,0,0,0,0,0,0,0,0,0,0,0,0,0,0,0,0,0,0,0,0,0,0,0,0,0,0,192,0,0,0,0,3,254,0,0,0,0,127,63,240,0,0,15,252,1,255,128,1,255,128,0,15,248,31,240,0,0,0,127,254,0,0,0,0,127,254,0,0,0,15,248,31,240,0,1,255,128,1,255,128,63,240,0,0,15,252,254,0,0,0,0,127,192,0,0,0,0,3,0,0,0,0,0,0,0,0,0,0,0,0,0,0,0,0,0,0,0,0,0,0,0,0,0,0,0,0,0,0,0,0,0,0,0,0,0,0,0,0,0,0,0,0,0,0,0,0,0,0,0,0,0,0,0,0,0,0,0,0,0,0,0,0,0,0,0,0,0,0,0,0,0,0,0,0,0,0,0,0,0,0,0,0,0,0,0,0,0,0,0,0,0,0,0,0,0,0,0,0,0,0,0,0,0,0,0,0},
  {0,0,0,0,0,0,0,0,0,0,0,0,0,0,0,0,0,0,0,0,0,0,0,0,0,0,0,0,0,0,0,0,0,0,0,0,0,0,0,0,0,0,0,0,0,0,0,0,0,0,0,0,0,0,0,0,0,0,0,0,0,0,0,0,0,0,0,0,0,0,0,0,0,0,0,0,0,0,0,0,0,0,0,0,0,0,0,0,0,0,0,0,0,0,0,0,0,0,0,0,0,0,0,0,0,0,0,0,0,0,0,0,0,0,0,0,0,0,0,0,0,0,0,0,0,0,0,0,0,0,0,0,0,0,0,0,0,0,255,255,255,255,255,255,255,255,255,255,255,255,0,0,0,0,0,0,0,0,0,0,0,0,0,0,0,0,0,0,0,0,0,0,0,0,0,0,0,0,0,0,0,0,0,0,0,0,0,0,0,0,0,0,0,0,0,0,0,0,0,0,0,0,0,0,0,0,0,0,0,0,0,0,0,0,0,0,0,0,0,0,0,0,0,0,0,0,0,0,0,0,0,0,0,0,0,0,0,0,0,0,0,0,0,0,0,0,0,0,0,0,0,0,0,0,0,0,0,0,0,0,0,0,0,0,0,0,0,0,0,0,0,0,0,0,0,0,0,0,0,0,0,0,0,0,0,0,0,0},
  {0,0,0,0,0,0,0,0,0,0,0,0,0,0,0,0,0,0,0,0,0,0,0,0,0,0,0,0,0,0,0,0,0,0,0,0,0,0,0,0,0,0,0,0,0,0,0,0,0,0,0,0,0,0,0,0,0,0,0,0,0,0,0,0,0,0,0,0,0,0,0,0,0,0,0,0,0,0,0,0,0,0,0,0,0,0,0,0,0,0,0,0,0,0,0,0,0,0,0,0,0,0,0,0,0,0,0,0,0,0,0,0,0,0,0,0,0,0,0,0,0,0,0,0,0,0,0,0,0,0,0,0,0,0,0,0,0,0,0,15,255,255,240,0,0,15,255,255,240,0,0,0,0,0,0,0,0,0,0,0,0,0,0,0,0,0,0,0,0,0,0,0,0,0,0,0,0,0,0,0,0,0,0,0,0,0,0,0,0,0,0,0,0,0,0,0,0,0,0,0,0,0,0,0,0,0,0,0,0,0,0,0,0,0,0,0,0,0,0,0,0,0,0,0,0,0,0,0,0,0,0,0,0,0,0,0,0,0,0,0,0,0,0,0,0,0,0,0,0,0,0,0,0,0,0,0,0,0,0,0,0,0,0,0,0,0,0,0,0,0,0,0,0,0,0,0,0,0,0,0,0,0,0,0,0,0,0,0},
  {0,0,0,0,0,0,0,0,0,0,0,0,0,0,0,0,0,0,0,0,0,0,0,0,0,0,0,0,0,0,0,0,0,0,0,0,0,0,0,0,0,0,0,0,0,0,0,0,0,0,0,0,0,0,0,0,0,0,0,0,0,0,0,0,0,0,0,0,0,0,0,0,0,0,0,0,0,0,0,0,0,0,0,0,0,0,0,0,0,0,0,0,0,0,0,0,0,0,0,0,32,0,0,0,0,0,48,0,0,0,0,0,24,0,0,0,0,0,12,0,0,0,0,0,6,0,0,0,0,0,2,0,0,0,0,0,3,0,0,0,0,0,3,0,0,0,0,0,1,128,0,0,0,0,1,128,0,0,0,0,1,128,0,0,0,0,1,128,0,0,0,0,1,128,0,0,0,0,1,128,0,0,0,0,1,128,0,0,0,0,1,128,0,0,0,0,1,128,0,0,0,0,1,128,0,0,0,0,1,128,0,0,0,0,1,0,0,0,0,0,1,0,0,0,0,0,3,0,0,0,0,0,3,0,0,0,0,0,6,0,0,0,0,0,6,0,0,0,0,0,12,0,0,0,0,0,12,0,0,0,0,0,8,0,0,0,0,0,0,0,0,0,0,0,0,0,0,0,0,0,0,0,0,0,0,0,0,0},
  {0,0,0,0,0,0,0,0,0,0,0,0,0,0,0,0,0,0,0,0,0,0,0,0,0,0,0,0,0,0,0,0,0,0,0,0,0,0,0,0,0,0,0,0,0,0,0,0,0,0,0,0,0,0,0,0,0,0,0,0,0,0,0,0,0,0,0,0,0,0,0,0,0,0,0,0,0,0,3,255,128,0,0,0,7,255,255,254,0,0,3,255,128,63,128,0,0,0,0,1,224,0,0,0,0,0,112,0,0,0,0,0,24,0,0,0,0,0,12,0,0,0,0,0,6,0,0,0,0,0,7,0,0,0,0,0,3,0,0,0,0,0,1,0,0,0,0,0,1,128,0,0,0,0,1,128,0,0,0,0,1,128,0,0,0,0,1,128,0,0,0,0,1,128,0,0,0,0,1,128,0,0,0,0,1,128,0,0,0,0,1,128,0,0,0,0,1,128,0,0,0,0,1,128,0,0,0,0,1,128,0,0,0,0,1,128,0,0,0,0,3,0,0,0,0,0,3,0,0,0,0,0,3,0,0,0,0,0,6,0,0,0,0,0,6,0,0,0,0,0,12,0,0,0,0,0,12,0,0,0,0,0,8,0,0,0,0,0,0,0,0,0,0,0,0,0,0,0,0,0,0,0,0,0,0,0,0,0},
  {0,0,0,0,0,0,0,0,0,0,0,0,0,0,0,0,0,0,0,0,0,0,0,0,0,0,0,0,0,0,0,0,0,0,0,0,0,0,0,0,0,0,0,0,0,0,0,0,0,0,128,0,0,0,0,3,128,0,0,0,0,15,0,0,0,0,0,60,0,0,0,0,0,240,0,0,0,0,7,224,0,0,0,0,15,255,255,254,0,0,3,224,0,63,128,0,0,240,0,1,224,0,0,60,0,0,112,0,0,15,0,0,24,0,0,3,128,0,12,0,0,0,0,0,6,0,0,0,0,0,7,0,0,0,0,0,3,0,0,0,0,0,1,0,0,0,0,0,1,128,0,0,0,0,1,128,0,0,0,0,1,128,0,0,0,0,1,128,0,0,0,0,1,128,0,0,0,0,1,128,0,0,0,0,1,128,0,0,0,0,1,128,0,0,0,0,1,128,0,0,0,0,1,128,0,0,0,0,1,128,0,0,0,0,1,128,0,0,0,0,3,0,0,0,0,0,3,0,0,0,0,0,3,0,0,0,0,0,6,0,0,0,0,0,6,0,0,0,0,0,12,0,0,0,0,0,12,0,0,0,0,0,8,0,0,0,0,0,0,0,0,0,0,0,0,0,0,0,0,0,0,0,0,0,0,0,0,0},
  {0,0,0,0,0,0,0,0,0,0,0,0,0,0,0,0,0,0,0,1,128,0,0,0,0,3,128,0,0,0,0,7,0,0,0,0,0,14,0,0,0,0,0,28,0,0,0,0,0,56,0,0,0,0,0,112,0,0,0,0,0,224,0,0,0,0,1,192,0,0,0,0,3,128,0,0,0,0,7,128,0,0,0,0,7,255,255,254,0,0,7,128,0,63,128,0,1,128,0,1,224,0,0,192,0,0,112,0,0,96,0,0,24,0,0,48,0,0,12,0,0,24,0,0,6,0,0,12,0,0,7,0,0,6,0,0,3,0,0,3,0,0,1,0,0,1,128,0,1,128,0,0,128,0,1,128,0,0,0,0,1,128,0,0,0,0,1,128,0,0,0,0,1,128,0,0,0,0,1,128,0,0,0,0,1,128,0,0,0,0,1,128,0,0,0,0,1,128,0,0,0,0,1,128,0,0,0,0,1,128,0,0,0,0,1,128,0,0,0,0,3,0,0,0,0,0,3,0,0,0,0,0,3,0,0,0,0,0,6,0,0,0,0,0,6,0,0,0,0,0,12,0,0,0,0,0,12,0,0,0,0,0,8,0,0,0,0,0,0,0,0,0,0,0,0,0,0,0,0,0,0,0,0,0,0,0,0,0},
  {0,0,0,0,0,0,0,0,0,0,0,0,0,0,0,0,0,0,0,1,128,0,0,0,0,3,128,0,0,0,0,7,0,0,0,0,0,14,0,0,0,0,0,28,0,0,0,0,0,56,0,0,0,0,0,112,0,0,0,0,0,224,0,0,0,0,1,192,0,0,0,0,3,128,0,0,0,0,7,128,0,0,0,0,7,255,255,254,0,0,7,128,0,63,128,0,1,128,0,1,224,0,0,192,0,0,112,0,0,96,0,0,24,0,0,48,0,0,12,0,0,24,0,0,6,0,0,12,0,0,7,0,0,6,0,0,3,0,0,3,0,0,1,0,0,1,128,0,1,128,0,0,128,0,1,128,0,0,0,0,1,128,0,0,0,0,1,128,0,0,0,0,1,128,0,0,0,0,1,128,0,0,0,0,1,128,0,0,0,0,1,128,0,0,0,0,1,128,0,0,0,0,1,128,0,0,0,0,1,128,0,0,0,0,1,128,0,0,0,0,3,0,0,0,0,0,3,0,0,0,0,0,3,0,0,0,0,0,6,0,0,0,0,0,6,0,0,0,0,0,12,0,0,0,0,0,12,0,0,0,0,0,8,0,0,0,0,0,0,0,0,0,0,0,0,0,0,0,0,0,0,0,0,0,0,0,0,0},
  {0,0,0,0,0,0,0,0,0,0,0,0,0,0,0,0,0,0,0,1,128,0,0,0,0,3,128,0,0,0,0,7,0,0,0,0,0,14,0,0,0,0,0,28,0,0,0,0,0,56,0,0,0,0,0,112,0,0,0,0,0,224,0,0,0,0,1,192,0,0,0,0,3,128,0,0,0,0,7,128,0,0,0,0,7,255,255,254,0,0,7,128,0,63,128,0,1,128,0,1,224,0,0,192,0,0,112,0,0,96,0,0,24,0,0,48,0,0,12,0,0,24,0,0,6,0,0,12,0,0,7,0,0,6,0,0,3,0,0,3,0,0,1,0,0,1,128,0,1,128,0,0,128,0,1,128,0,0,0,0,1,128,0,0,0,0,1,128,0,0,0,0,1,128,0,0,0,0,1,128,0,0,0,0,1,128,0,0,0,0,1,128,0,0,0,0,1,128,0,0,0,0,1,128,0,0,0,0,1,128,0,0,0,0,1,128,0,0,0,0,3,0,0,0,0,0,3,0,0,0,0,0,3,0,0,0,0,0,6,0,0,0,0,0,6,0,0,0,0,0,12,0,0,0,0,0,12,0,0,0,0,0,8,0,0,0,0,0,0,0,0,0,0,0,0,0,0,0,0,0,0,0,0,0,0,0,0,0},
  {0,0,0,0,0,0,0,0,0,0,0,0,0,0,0,0,0,0,0,1,128,0,0,0,0,3,128,0,0,0,0,7,0,0,0,0,0,14,0,0,0,0,0,28,0,0,0,0,0,56,0,0,0,0,0,112,0,0,0,0,0,224,0,0,0,0,1,192,0,0,0,0,3,128,0,0,0,0,7,128,0,0,0,0,7,255,255,254,0,0,7,128,0,63,128,0,1,128,0,1,224,0,0,192,0,0,112,0,0,96,0,0,24,0,0,48,0,0,12,0,0,24,0,0,6,0,0,12,0,0,7,0,0,6,0,0,3,0,0,3,0,0,1,0,0,1,128,0,1,128,0,0,128,0,1,128,0,0,0,0,1,128,0,0,0,0,1,128,0,0,0,0,1,128,0,0,0,0,1,128,0,0,0,0,1,128,0,0,0,0,1,128,0,0,0,0,1,128,0,0,0,0,1,128,0,0,0,0,1,128,0,0,0,0,1,128,0,0,0,0,3,0,0,0,0,0,3,0,0,0,0,0,3,0,0,0,0,0,6,0,0,0,0,0,6,0,0,0,0,0,12,0,0,0,0,0,12,0,0,0,0,0,8,0,0,0,0,0,0,0,0,0,0,0,0,0,0,0,0,0,0,0,0,0,0,0,0,0},
  {0,0,0,0,0,0,0,0,0,0,0,0,0,0,0,0,0,0,0,1,128,0,0,0,0,3,128,0,0,0,0,7,0,0,0,0,0,14,0,0,0,0,0,28,0,0,0,0,0,56,0,0,0,0,0,112,0,0,0,0,0,224,0,0,0,0,1,192,0,0,0,0,3,128,0,0,0,0,7,128,0,0,0,0,7,255,255,254,0,0,7,128,0,63,128,0,1,128,0,1,224,0,0,192,0,0,112,0,0,96,0,0,24,0,0,48,0,0,12,0,0,24,0,0,6,0,0,12,0,0,7,0,0,6,0,0,3,0,0,3,0,0,1,0,0,1,128,0,1,128,0,0,128,0,1,128,0,0,0,0,1,128,0,0,0,0,1,128,0,0,0,0,1,128,0,0,0,0,1,128,0,0,0,0,1,128,0,0,0,0,1,128,0,0,0,0,1,128,0,0,0,0,1,128,0,0,0,0,1,128,0,0,0,0,1,128,0,0,0,0,3,0,0,0,0,0,3,0,0,0,0,0,3,0,0,0,0,0,6,0,0,0,0,0,6,0,0,0,0,0,12,0,0,0,0,0,12,0,0,0,0,0,8,0,0,0,0,0,0,0,0,0,0,0,0,0,0,0,0,0,0,0,0,0,0,0,0,0},
  {0,0,0,0,0,0,0,0,0,0,0,0,0,0,0,0,0,0,0,1,128,0,0,0,0,3,128,0,0,0,0,7,0,0,0,0,0,14,0,0,0,0,0,28,0,0,0,0,0,56,0,0,0,0,0,112,0,0,0,0,0,224,0,0,0,0,1,192,0,0,0,0,3,128,0,0,0,0,7,128,0,0,0,0,7,255,255,254,0,0,7,128,0,63,128,0,1,128,0,1,224,0,0,192,0,0,112,0,0,96,0,0,24,0,0,48,0,0,12,0,0,24,0,0,6,0,0,12,0,0,7,0,0,6,0,0,3,0,0,3,0,0,1,0,0,1,128,0,1,128,0,0,128,0,1,128,0,0,0,0,1,128,0,0,0,0,1,128,0,0,0,0,1,128,0,0,0,0,1,128,0,0,0,0,1,128,0,0,0,0,1,128,0,0,0,0,1,128,0,0,0,0,1,128,0,0,0,0,1,128,0,0,0,0,1,128,0,0,0,0,3,0,0,0,0,0,3,0,0,0,0,0,3,0,0,0,0,0,6,0,0,0,0,0,6,0,0,0,0,0,12,0,0,0,0,0,12,0,0,0,0,0,8,0,0,0,0,0,0,0,0,0,0,0,0,0,0,0,0,0,0,0,0,0,0,0,0,0},
  {0,0,0,0,0,0,0,0,0,0,0,0,0,0,0,0,0,0,0,1,128,0,0,0,0,3,128,0,0,0,0,7,0,0,0,0,0,14,0,0,0,0,0,28,0,0,0,0,0,56,0,0,0,0,0,112,0,0,0,0,0,224,0,0,0,0,1,192,0,0,0,0,3,128,0,0,0,0,7,128,0,0,0,0,7,255,255,254,0,0,7,128,0,63,128,0,1,128,0,1,224,0,0,192,0,0,112,0,0,96,0,0,24,0,0,48,0,0,12,0,0,24,0,0,6,0,0,12,0,0,7,0,0,6,0,0,3,0,0,3,0,0,1,0,0,1,128,0,1,128,0,0,128,0,1,128,0,0,0,0,1,128,0,0,0,0,1,128,0,0,0,0,1,128,0,0,0,0,1,128,0,0,0,0,1,128,0,0,0,0,1,128,0,0,0,0,1,128,0,0,0,0,1,128,0,0,0,0,1,128,0,0,0,0,1,128,0,0,0,0,3,0,0,0,0,0,3,0,0,0,0,0,3,0,0,0,0,0,6,0,0,0,0,0,6,0,0,0,0,0,12,0,0,0,0,0,12,0,0,0,0,0,8,0,0,0,0,0,0,0,0,0,0,0,0,0,0,0,0,0,0,0,0,0,0,0,0,0},
  {0,0,0,0,0,0,0,0,0,0,0,0,0,0,0,0,0,0,0,0,0,0,0,0,0,0,0,0,0,0,0,0,0,0,0,0,0,0,0,0,0,0,0,0,0,0,0,0,0,0,128,0,0,0,0,3,128,0,0,0,0,15,0,0,0,0,0,60,0,0,0,0,0,240,0,0,0,0,7,224,0,0,0,0,15,255,255,254,0,0,3,224,0,63,128,0,0,240,0,1,224,0,0,60,0,0,112,0,0,15,0,0,24,0,0,3,128,0,12,0,0,0,0,0,6,0,0,0,0,0,7,0,0,0,0,0,3,0,0,0,0,0,1,0,0,0,0,0,1,128,0,0,0,0,1,128,0,0,0,0,1,128,0,0,0,0,1,128,0,0,0,0,1,128,0,0,0,0,1,128,0,0,0,0,1,128,0,0,0,0,1,128,0,0,0,0,1,128,0,0,0,0,1,128,0,0,0,0,1,128,0,0,0,0,1,128,0,0,0,0,3,0,0,0,0,0,3,0,0,0,0,0,3,0,0,0,0,0,6,0,0,0,0,0,6,0,0,0,0,0,12,0,0,0,0,0,12,0,0,0,0,0,8,0,0,0,0,0,0,0,0,0,0,0,0,0,0,0,0,0,0,0,0,0,0,0,0,0},
  {0,0,0,0,0,0,0,0,0,0,0,0,0,0,0,0,0,0,0,0,0,0,0,0,0,0,0,0,0,0,0,0,0,0,0,0,0,0,0,0,0,0,0,0,0,0,0,0,0,0,0,0,0,0,0,0,0,0,0,0,0,0,0,0,0,0,0,0,0,0,0,0,0,0,0,0,0,0,3,255,128,0,0,0,7,255,255,254,0,0,3,255,128,63,128,0,0,0,0,1,224,0,0,0,0,0,112,0,0,0,0,0,24,0,0,0,0,0,12,0,0,0,0,0,6,0,0,0,0,0,7,0,0,0,0,0,3,0,0,0,0,0,1,0,0,0,0,0,1,128,0,0,0,0,1,128,0,0,0,0,1,128,0,0,0,0,1,128,0,0,0,0,1,128,0,0,0,0,1,128,0,0,0,0,1,128,0,0,0,0,1,128,0,0,0,0,1,128,0,0,0,0,1,128,0,0,0,0,1,128,0,0,0,0,1,128,0,0,0,0,3,0,0,0,0,0,3,0,0,0,0,0,3,0,0,0,0,0,6,0,0,0,0,0,6,0,0,0,0,0,12,0,0,0,0,0,12,0,0,0,0,0,8,0,0,0,0,0,0,0,0,0,0,0,0,0,0,0,0,0,0,0,0,0,0,0,0,0},
  {0,0,0,0,0,0,0,0,0,0,0,0,0,0,0,0,0,0,0,0,0,0,0,0,0,0,0,0,0,0,0,0,0,0,0,0,0,0,0,0,0,0,0,0,0,0,0,0,0,0,0,0,0,0,0,0,0,0,0,0,0,0,0,0,0,0,0,0,0,0,0,0,0,0,0,0,0,0,0,0,0,0,0,0,0,0,0,0,0,0,0,0,0,0,0,0,0,0,0,0,32,0,0,0,0,0,48,0,0,0,0,0,24,0,0,0,0,0,12,0,0,0,0,0,6,0,0,0,0,0,2,0,0,0,0,0,3,0,0,0,0,0,3,0,0,0,0,0,1,128,0,0,0,0,1,128,0,0,0,0,1,128,0,0,0,0,1,128,0,0,0,0,1,128,0,0,0,0,1,128,0,0,0,0,1,128,0,0,0,0,1,128,0,0,0,0,1,128,0,0,0,0,1,128,0,0,0,0,1,128,0,0,0,0,1,0,0,0,0,0,1,0,0,0,0,0,3,0,0,0,0,0,3,0,0,0,0,0,6,0,0,0,0,0,6,0,0,0,0,0,12,0,0,0,0,0,12,0,0,0,0,0,8,0,0,0,0,0,0,0,0,0,0,0,0,0,0,0,0,0,0,0,0,0,0,0,0,0},
  {0,0,0,0,0,0,0,0,0,0,0,0,0,0,0,0,0,0,0,0,0,0,0,0,0,0,0,0,0,0,0,0,0,0,0,0,0,0,0,0,0,0,0,0,0,0,0,0,0,0,0,0,0,0,0,0,0,0,0,0,0,0,0,0,0,0,0,0,0,0,0,0,0,0,0,0,0,0,0,0,0,0,0,0,0,0,0,0,0,0,0,0,0,0,0,0,0,0,0,0,0,0,0,0,0,0,0,0,0,0,0,0,0,0,0,0,0,0,0,0,0,0,0,0,0,0,0,0,0,0,0,0,0,0,0,0,0,0,0,15,255,255,240,0,0,15,255,255,240,0,0,0,0,0,0,0,0,0,0,0,0,0,0,0,0,0,0,0,0,0,0,0,0,0,0,0,0,0,0,0,0,0,0,0,0,0,0,0,0,0,0,0,0,0,0,0,0,0,0,0,0,0,0,0,0,0,0,0,0,0,0,0,0,0,0,0,0,0,0,0,0,0,0,0,0,0,0,0,0,0,0,0,0,0,0,0,0,0,0,0,0,0,0,0,0,0,0,0,0,0,0,0,0,0,0,0,0,0,0,0,0,0,0,0,0,0,0,0,0,0,0,0,0,0,0,0,0,0,0,0,0,0,0,0,0,0,0,0},
  {0,0,0,0,0,0,0,0,0,0,0,0,0,0,0,0,0,0,0,0,0,0,0,0,0,0,0,0,0,0,0,0,0,0,0,0,0,0,0,0,0,0,0,0,0,0,0,0,0,0,0,0,0,0,0,0,0,0,0,0,0,0,0,0,0,0,0,0,0,0,0,0,0,0,0,0,0,0,0,0,0,0,0,0,0,0,0,0,0,0,0,0,0,0,0,0,0,0,0,0,0,0,0,0,0,0,0,0,0,0,0,0,0,0,0,0,0,0,0,0,0,0,0,0,0,0,0,0,0,0,0,0,0,0,0,0,0,0,255,255,255,255,255,255,255,255,255,255,255,255,0,0,0,0,0,0,0,0,0,0,0,0,0,0,0,0,0,0,0,0,0,0,0,0,0,0,0,0,0,0,0,0,0,0,0,0,0,0,0,0,0,0,0,0,0,0,0,0,0,0,0,0,0,0,0,0,0,0,0,0,0,0,0,0,0,0,0,0,0,0,0,0,0,0,0,0,0,0,0,0,0,0,0,0,0,0,0,0,0,0,0,0,0,0,0,0,0,0,0,0,0,0,0,0,0,0,0,0,0,0,0,0,0,0,0,0,0,0,0,0,0,0,0,0,0,0,0,0,0,0,0,0,0,0,0,0,0,0},
  {0,0,0,0,0,0,0,0,0,0,0,0,0,0,0,0,0,0,0,0,0,0,0,0,0,0,0,0,0,0,0,0,0,0,0,0,0,0,0,0,0,0,0,0,0,0,0,0,0,0,0,0,0,0,0,0,0,0,0,0,0,0,0,0,0,0,0,0,0,0,0,0,0,0,0,0,0,0,0,0,0,0,0,0,0,0,0,0,0,0,0,0,0,0,0,0,0,0,0,0,0,0,0,0,0,0,0,0,192,0,0,0,0,3,254,0,0,0,0,127,63,240,0,0,15,252,1,255,128,1,255,128,0,15,248,31,240,0,0,0,127,254,0,0,0,0,127,254,0,0,0,15,248,31,240,0,1,255,128,1,255,128,63,240,0,0,15,252,254,0,0,0,0,127,192,0,0,0,0,3,0,0,0,0,0,0,0,0,0,0,0,0,0,0,0,0,0,0,0,0,0,0,0,0,0,0,0,0,0,0,0,0,0,0,0,0,0,0,0,0,0,0,0,0,0,0,0,0,0,0,0,0,0,0,0,0,0,0,0,0,0,0,0,0,0,0,0,0,0,0,0,0,0,0,0,0,0,0,0,0,0,0,0,0,0,0,0,0,0,0,0,0,0,0,0,0,0,0,0,0,0,0,0,0,0,0,0,0},
  {0,0,0,0,0,0,0,0,0,0,0,0,0,0,0,0,0,0,0,0,0,0,0,0,0,0,0,0,0,0,0,0,0,0,0,0,0,0,0,0,0,0,0,0,0,0,0,0,0,0,0,0,0,0,0,0,0,0,0,0,8,0,0,0,0,16,30,0,0,0,0,120,7,0,0,0,0,224,3,192,0,0,3,192,0,224,0,0,7,0,0,120,0,0,30,0,0,28,0,0,56,0,0,15,0,0,240,0,0,3,128,1,192,0,0,1,224,7,128,0,0,0,112,14,0,0,0,0,60,60,0,0,0,0,14,112,0,0,0,0,7,224,0,0,0,0,7,224,0,0,0,0,14,112,0,0,0,0,60,60,0,0,0,0,112,14,0,0,0,1,224,7,128,0,0,3,128,1,192,0,0,15,0,0,240,0,0,28,0,0,56,0,0,120,0,0,30,0,0,224,0,0,7,0,3,192,0,0,3,192,7,0,0,0,0,224,30,0,0,0,0,120,8,0,0,0,0,16,0,0,0,0,0,0,0,0,0,0,0,0,0,0,0,0,0,0,0,0,0,0,0,0,0,0,0,0,0,0,0,0,0,0,0,0,0,0,0,0,0,0,0,0,0,0,0,0,0,0,0,0,0,0,0,0,0,0,0,0},
  {0,0,0,0,0,0,0,0,0,0,0,0,0,0,0,0,0,0,0,0,0,0,0,0,0,0,0,0,0,0,0,0,0,0,0,0,1,0,0,0,0,128,3,128,0,0,1,192,1,192,0,0,3,128,0,224,0,0,7,0,0,112,0,0,14,0,0,56,0,0,28,0,0,28,0,0,56,0,0,14,0,0,112,0,0,7,0,0,224,0,0,3,128,1,192,0,0,1,192,3,128,0,0,0,224,7,0,0,0,0,112,14,0,0,0,0,56,28,0,0,0,0,28,56,0,0,0,0,14,112,0,0,0,0,7,224,0,0,0,0,3,192,0,0,0,0,3,192,0,0,0,0,7,224,0,0,0,0,14,112,0,0,0,0,28,56,0,0,0,0,56,28,0,0,0,0,112,14,0,0,0,0,224,7,0,0,0,1,192,3,128,0,0,3,128,1,192,0,0,7,0,0,224,0,0,14,0,0,112,0,0,28,0,0,56,0,0,56,0,0,28,0,0,112,0,0,14,0,0,224,0,0,7,0,1,192,0,0,3,128,3,128,0,0,1,192,1,0,0,0,0,128,0,0,0,0,0,0,0,0,0,0,0,0,0,0,0,0,0,0,0,0,0,0,0,0,0,0,0,0,0,0,0,0,0,0,0,0},
  {0,0,0,0,0,0,0,0,0,0,0,0,0,0,0,0,0,0,0,0,0,0,0,0,0,0,0,0,0,0,0,0,0,0,0,0,1,0,0,0,0,128,3,128,0,0,1,192,1,192,0,0,3,128,0,224,0,0,7,0,0,112,0,0,14,0,0,56,0,0,28,0,0,28,0,0,56,0,0,14,0,0,112,0,0,7,0,0,224,0,0,3,128,1,192,0,0,1,192,3,128,0,0,0,224,7,0,0,0,0,112,14,0,0,0,0,56,28,0,0,0,0,28,56,0,0,0,0,14,112,0,0,0,0,7,224,0,0,0,0,3,192,0,0,0,0,3,192,0,0,0,0,7,224,0,0,0,0,14,112,0,0,0,0,28,56,0,0,0,0,56,28,0,0,0,0,112,14,0,0,0,0,224,7,0,0,0,1,192,3,128,0,0,3,128,1,192,0,0,7,0,0,224,0,0,14,0,0,112,0,0,28,0,0,56,0,0,56,0,0,28,0,0,112,0,0,14,0,0,224,0,0,7,0,1,192,0,0,3,128,3,128,0,0,1,192,1,0,0,0,0,128,0,0,0,0,0,0,0,0,0,0,0,0,0,0,0,0,0,0,0,0,0,0,0,0,0,0,0,0,0,0,0,0,0,0,0,0},
  {0,0,0,0,0,0,0,0,0,0,0,0,0,0,0,0,0,0,0,0,0,0,0,0,0,0,0,0,0,0,0,0,0,0,0,0,1,0,0,0,0,128,3,128,0,0,1,192,1,192,0,0,3,128,0,224,0,0,7,0,0,112,0,0,14,0,0,56,0,0,28,0,0,28,0,0,56,0,0,14,0,0,112,0,0,7,0,0,224,0,0,3,128,1,192,0,0,1,192,3,128,0,0,0,224,7,0,0,0,0,112,14,0,0,0,0,56,28,0,0,0,0,28,56,0,0,0,0,14,112,0,0,0,0,7,224,0,0,0,0,3,192,0,0,0,0,3,192,0,0,0,0,7,224,0,0,0,0,14,112,0,0,0,0,28,56,0,0,0,0,56,28,0,0,0,0,112,14,0,0,0,0,224,7,0,0,0,1,192,3,128,0,0,3,128,1,192,0,0,7,0,0,224,0,0,14,0,0,112,0,0,28,0,0,56,0,0,56,0,0,28,0,0,112,0,0,14,0,0,224,0,0,7,0,1,192,0,0,3,128,3,128,0,0,1,192,1,0,0,0,0,128,0,0,0,0,0,0,0,0,0,0,0,0,0,0,0,0,0,0,0,0,0,0,0,0,0,0,0,0,0,0,0,0,0,0,0,0}
};

void setup() {
  display.begin(SSD1306_SWITCHCAPVCC, SCREEN_I2C_ADDR);
}

int frame = 0;
void loop() {
  display.clearDisplay();
  display.drawBitmap(40, 8, frames[frame], FRAME_WIDTH, FRAME_HEIGHT, 1);
  display.display();
  frame = (frame + 1) % FRAME_COUNT;
  delay(FRAME_DELAY);
}