#include <Adafruit_GFX.h>
#include <Adafruit_SSD1306.h>

#define SCREEN_I2C_ADDR 0x3D // or 0x3C
#define SCREEN_WIDTH 128     // OLED display width, in pixels
#define SCREEN_HEIGHT 64     // OLED display height, in pixels
#define OLED_RST_PIN -1      // Reset pin (-1 if not available)

Adafruit_SSD1306 display(128, 64, &Wire, OLED_RST_PIN);

// OLED Animation: bench press
// Code auto-generated by https://wokwi.com/animator, graphics by icons8.com

#define FRAME_DELAY (42)
#define FRAME_WIDTH (48)
#define FRAME_HEIGHT (48)
#define FRAME_COUNT (sizeof(frames) / sizeof(frames[0]))
const byte PROGMEM frames[][288] = {
  {0,0,0,0,0,0,0,0,0,0,0,0,0,3,240,0,0,0,0,7,252,0,0,0,0,30,14,0,0,0,0,56,3,0,0,0,0,48,3,128,0,0,0,96,1,128,0,0,0,97,224,192,0,0,0,97,240,192,0,0,0,99,48,192,0,0,0,97,240,192,0,0,0,97,224,192,0,0,0,96,1,128,0,0,0,48,1,128,0,0,0,56,3,0,0,0,0,28,15,0,0,0,0,15,252,0,0,0,0,3,248,0,0,0,0,1,48,0,0,0,0,1,48,0,0,0,0,1,48,0,0,0,3,193,48,0,0,0,15,225,48,0,0,0,28,113,48,0,0,0,56,25,63,224,0,0,48,25,31,255,0,0,48,25,0,31,255,224,48,25,0,0,255,248,48,25,0,0,0,8,24,57,0,0,0,12,31,243,255,255,192,12,15,255,255,255,255,140,31,255,255,255,255,140,48,0,0,0,49,140,48,0,0,0,17,140,48,0,0,0,49,140,63,255,255,255,241,140,0,0,0,0,1,140,0,0,0,0,1,140,0,0,0,0,1,140,0,0,0,0,1,140,0,0,0,0,1,140,0,0,0,0,0,204,0,0,0,0,0,252,0,0,0,0,0,120,0,0,0,0,0,0,0,0,0,0,0,0},
  {0,0,0,0,0,0,0,0,0,0,0,0,0,3,240,0,0,0,0,7,252,0,0,0,0,30,14,0,0,0,0,56,3,0,0,0,0,48,3,128,0,0,0,96,1,128,0,0,0,97,224,192,0,0,0,97,240,192,0,0,0,99,48,192,0,0,0,97,240,192,0,0,0,97,224,192,0,0,0,96,1,128,0,0,0,48,1,128,0,0,0,56,3,0,0,0,0,28,15,0,0,0,0,15,252,0,0,0,0,3,248,0,0,0,0,1,48,0,0,0,0,1,48,0,0,0,0,1,48,0,0,0,3,193,48,0,0,0,15,225,48,0,0,0,28,113,48,0,0,0,56,25,63,224,0,0,48,25,31,255,0,0,48,25,0,31,255,224,48,25,0,0,255,248,48,25,0,0,0,8,24,57,0,0,0,12,31,243,255,255,192,12,15,255,255,255,255,140,31,255,255,255,255,140,48,0,0,0,49,140,48,0,0,0,17,140,48,0,0,0,49,140,63,255,255,255,241,140,0,0,0,0,1,140,0,0,0,0,1,140,0,0,0,0,1,140,0,0,0,0,1,140,0,0,0,0,1,140,0,0,0,0,0,204,0,0,0,0,0,252,0,0,0,0,0,120,0,0,0,0,0,0,0,0,0,0,0,0},
  {0,0,0,0,0,0,0,0,0,0,0,0,0,3,240,0,0,0,0,7,252,0,0,0,0,30,14,0,0,0,0,56,3,0,0,0,0,48,3,128,0,0,0,96,1,128,0,0,0,97,224,192,0,0,0,97,240,192,0,0,0,99,48,192,0,0,0,97,240,192,0,0,0,97,224,192,0,0,0,96,1,128,0,0,0,48,1,128,0,0,0,56,3,0,0,0,0,28,15,0,0,0,0,15,252,0,0,0,0,3,248,0,0,0,0,1,48,0,0,0,0,1,48,0,0,0,0,1,48,0,0,0,3,193,48,0,0,0,15,225,48,0,0,0,28,113,48,0,0,0,56,25,63,224,0,0,48,25,31,255,0,0,48,25,0,31,255,224,48,25,0,0,255,248,48,25,0,0,0,8,24,57,0,0,0,12,31,243,255,255,192,12,15,255,255,255,255,140,31,255,255,255,255,140,48,0,0,0,49,140,48,0,0,0,17,140,48,0,0,0,49,140,63,255,255,255,241,140,0,0,0,0,1,140,0,0,0,0,1,140,0,0,0,0,1,140,0,0,0,0,1,140,0,0,0,0,1,140,0,0,0,0,0,204,0,0,0,0,0,252,0,0,0,0,0,120,0,0,0,0,0,0,0,0,0,0,0,0},
  {0,0,0,0,0,0,0,0,0,0,0,0,0,3,240,0,0,0,0,7,252,0,0,0,0,30,14,0,0,0,0,56,3,0,0,0,0,48,3,128,0,0,0,96,1,128,0,0,0,97,224,192,0,0,0,97,240,192,0,0,0,99,48,192,0,0,0,97,240,192,0,0,0,97,224,192,0,0,0,96,1,128,0,0,0,48,1,128,0,0,0,56,3,0,0,0,0,28,15,0,0,0,0,15,252,0,0,0,0,3,248,0,0,0,0,1,48,0,0,0,0,1,48,0,0,0,0,1,48,0,0,0,3,193,48,0,0,0,15,225,48,0,0,0,28,113,48,0,0,0,56,25,63,224,0,0,48,25,31,255,0,0,48,25,0,31,255,224,48,25,0,0,255,248,48,25,0,0,0,8,24,57,0,0,0,12,31,243,255,255,192,12,15,255,255,255,255,140,31,255,255,255,255,140,48,0,0,0,49,140,48,0,0,0,17,140,48,0,0,0,49,140,63,255,255,255,241,140,0,0,0,0,1,140,0,0,0,0,1,140,0,0,0,0,1,140,0,0,0,0,1,140,0,0,0,0,1,140,0,0,0,0,0,204,0,0,0,0,0,252,0,0,0,0,0,120,0,0,0,0,0,0,0,0,0,0,0,0},
  {0,0,0,0,0,0,0,0,0,0,0,0,0,0,0,0,0,0,0,0,0,0,0,0,0,0,0,0,0,0,0,3,248,0,0,0,0,15,252,0,0,0,0,28,15,0,0,0,0,56,3,0,0,0,0,48,1,128,0,0,0,96,65,128,0,0,0,97,240,192,0,0,0,97,176,192,0,0,0,99,48,192,0,0,0,97,240,192,0,0,0,96,224,128,0,0,0,112,1,128,0,0,0,48,3,128,0,0,0,24,7,0,0,0,0,30,14,0,0,0,0,7,252,0,0,0,0,1,236,0,0,0,3,192,204,0,0,0,15,224,204,0,0,0,28,112,140,0,0,0,56,25,143,224,0,0,48,25,143,255,0,0,48,25,128,31,255,224,48,25,128,0,255,248,48,25,128,0,0,8,24,57,0,0,0,12,31,243,255,255,192,12,15,255,255,255,255,140,31,255,255,255,255,140,48,0,0,0,49,140,48,0,0,0,17,140,48,0,0,0,49,140,63,255,255,255,241,140,0,0,0,0,1,140,0,0,0,0,1,140,0,0,0,0,1,140,0,0,0,0,1,140,0,0,0,0,1,140,0,0,0,0,0,204,0,0,0,0,0,252,0,0,0,0,0,120,0,0,0,0,0,0,0,0,0,0,0,0},
  {0,0,0,0,0,0,0,0,0,0,0,0,0,0,0,0,0,0,0,0,0,0,0,0,0,0,0,0,0,0,0,0,0,0,0,0,0,0,0,0,0,0,0,0,192,0,0,0,0,7,248,0,0,0,0,15,62,0,0,0,0,28,7,0,0,0,0,48,3,128,0,0,0,112,1,128,0,0,0,96,193,128,0,0,0,97,240,192,0,0,0,97,176,192,0,0,0,97,176,192,0,0,0,97,240,192,0,0,0,96,193,128,0,0,0,112,1,128,0,0,0,48,3,0,0,0,0,28,7,0,0,0,3,207,63,0,0,0,15,231,254,0,0,0,28,112,198,0,0,0,56,24,199,224,0,0,48,24,135,255,0,0,48,25,128,31,255,224,48,25,128,0,255,248,48,25,128,0,0,8,24,57,0,0,0,12,31,243,255,255,192,12,15,255,255,255,255,140,31,255,255,255,255,140,48,0,0,0,49,140,48,0,0,0,17,140,48,0,0,0,49,140,63,255,255,255,241,140,0,0,0,0,1,140,0,0,0,0,1,140,0,0,0,0,1,140,0,0,0,0,1,140,0,0,0,0,1,140,0,0,0,0,0,204,0,0,0,0,0,252,0,0,0,0,0,120,0,0,0,0,0,0,0,0,0,0,0,0},
  {0,0,0,0,0,0,0,0,0,0,0,0,0,0,0,0,0,0,0,0,0,0,0,0,0,0,0,0,0,0,0,0,0,0,0,0,0,0,0,0,0,0,0,0,0,0,0,0,0,3,248,0,0,0,0,15,252,0,0,0,0,28,15,0,0,0,0,56,3,0,0,0,0,48,1,128,0,0,0,96,1,128,0,0,0,97,224,192,0,0,0,97,240,192,0,0,0,99,48,192,0,0,0,97,240,192,0,0,0,97,224,192,0,0,0,96,1,128,0,0,0,48,3,128,0,0,0,56,7,0,0,0,3,222,15,128,0,0,15,231,253,128,0,0,28,113,243,0,0,0,56,24,99,224,0,0,48,24,195,255,0,0,48,24,192,31,255,224,48,25,128,0,255,248,48,25,128,0,0,8,24,57,0,0,0,12,31,243,255,255,192,12,15,255,255,255,255,140,31,255,255,255,255,140,48,0,0,0,49,140,48,0,0,0,17,140,48,0,0,0,49,140,63,255,255,255,241,140,0,0,0,0,1,140,0,0,0,0,1,140,0,0,0,0,1,140,0,0,0,0,1,140,0,0,0,0,1,140,0,0,0,0,0,204,0,0,0,0,0,252,0,0,0,0,0,120,0,0,0,0,0,0,0,0,0,0,0,0},
  {0,0,0,0,0,0,0,0,0,0,0,0,0,0,0,0,0,0,0,0,0,0,0,0,0,0,0,0,0,0,0,0,0,0,0,0,0,0,0,0,0,0,0,0,0,0,0,0,0,0,0,0,0,0,0,3,240,0,0,0,0,15,252,0,0,0,0,28,14,0,0,0,0,56,3,0,0,0,0,48,1,128,0,0,0,96,1,128,0,0,0,97,224,192,0,0,0,97,240,192,0,0,0,99,48,192,0,0,0,97,240,192,0,0,0,97,224,192,0,0,0,96,1,128,0,0,0,48,1,128,0,0,3,248,3,128,0,0,15,252,15,128,0,0,28,127,255,0,0,0,56,27,251,224,0,0,48,24,195,255,0,0,48,24,192,31,255,224,48,25,128,0,255,248,48,25,128,0,0,8,24,59,0,0,0,12,31,243,255,255,192,12,15,255,255,255,255,140,31,255,255,255,255,140,48,0,0,0,49,140,48,0,0,0,17,140,48,0,0,0,49,140,63,255,255,255,241,140,0,0,0,0,1,140,0,0,0,0,1,140,0,0,0,0,1,140,0,0,0,0,1,140,0,0,0,0,1,140,0,0,0,0,0,204,0,0,0,0,0,252,0,0,0,0,0,120,0,0,0,0,0,0,0,0,0,0,0,0},
  {0,0,0,0,0,0,0,0,0,0,0,0,0,0,0,0,0,0,0,0,0,0,0,0,0,0,0,0,0,0,0,0,0,0,0,0,0,0,0,0,0,0,0,0,0,0,0,0,0,0,0,0,0,0,0,0,0,0,0,0,0,0,64,0,0,0,0,7,248,0,0,0,0,15,62,0,0,0,0,28,7,0,0,0,0,48,3,0,0,0,0,112,1,128,0,0,0,96,193,128,0,0,0,97,240,192,0,0,0,97,176,192,0,0,0,97,176,192,0,0,0,97,240,192,0,0,0,96,193,128,0,0,3,240,1,128,0,0,15,240,3,128,0,0,28,124,7,0,0,0,56,31,63,224,0,0,48,31,255,255,0,0,48,25,192,31,255,224,48,25,128,0,255,248,48,25,128,0,0,8,24,59,0,0,0,12,31,243,255,255,192,12,15,255,255,255,255,140,31,255,255,255,255,140,48,0,0,0,49,140,48,0,0,0,17,140,48,0,0,0,49,140,63,255,255,255,241,140,0,0,0,0,1,140,0,0,0,0,1,140,0,0,0,0,1,140,0,0,0,0,1,140,0,0,0,0,1,140,0,0,0,0,0,204,0,0,0,0,0,252,0,0,0,0,0,120,0,0,0,0,0,0,0,0,0,0,0,0},
  {0,0,0,0,0,0,0,0,0,0,0,0,0,0,0,0,0,0,0,0,0,0,0,0,0,0,0,0,0,0,0,0,0,0,0,0,0,0,0,0,0,0,0,0,0,0,0,0,0,0,0,0,0,0,0,0,0,0,0,0,0,0,0,0,0,0,0,0,0,0,0,0,0,1,240,0,0,0,0,7,252,0,0,0,0,30,14,0,0,0,0,24,7,0,0,0,0,48,3,128,0,0,0,112,1,128,0,0,0,97,224,128,0,0,0,97,240,192,0,0,0,99,48,192,0,0,0,97,240,192,0,0,3,225,224,192,0,0,15,224,65,128,0,0,28,112,1,128,0,0,56,56,3,224,0,0,48,28,15,255,0,0,48,31,252,31,255,224,48,31,248,0,255,248,48,25,128,0,0,8,24,59,0,0,0,12,31,243,255,255,192,12,15,255,255,255,255,140,31,255,255,255,255,140,48,0,0,0,49,140,48,0,0,0,17,140,48,0,0,0,49,140,63,255,255,255,241,140,0,0,0,0,1,140,0,0,0,0,1,140,0,0,0,0,1,140,0,0,0,0,1,140,0,0,0,0,1,140,0,0,0,0,0,204,0,0,0,0,0,252,0,0,0,0,0,120,0,0,0,0,0,0,0,0,0,0,0,0},
  {0,0,0,0,0,0,0,0,0,0,0,0,0,0,0,0,0,0,0,0,0,0,0,0,0,0,0,0,0,0,0,0,0,0,0,0,0,0,0,0,0,0,0,0,0,0,0,0,0,0,0,0,0,0,0,0,0,0,0,0,0,0,0,0,0,0,0,0,0,0,0,0,0,0,0,0,0,0,0,0,0,0,0,0,0,3,248,0,0,0,0,15,254,0,0,0,0,28,7,0,0,0,0,56,3,0,0,0,0,48,1,128,0,0,0,96,65,128,0,0,0,97,240,192,0,0,0,97,176,192,0,0,3,227,176,192,0,0,15,225,240,192,0,0,28,96,224,128,0,0,56,112,1,224,0,0,48,48,3,255,0,0,48,24,7,31,255,224,48,30,30,0,255,248,48,31,252,0,0,8,24,59,224,0,0,12,31,243,255,255,192,12,15,255,255,255,255,140,31,255,255,255,255,140,48,0,0,0,49,140,48,0,0,0,17,140,48,0,0,0,49,140,63,255,255,255,241,140,0,0,0,0,1,140,0,0,0,0,1,140,0,0,0,0,1,140,0,0,0,0,1,140,0,0,0,0,1,140,0,0,0,0,0,204,0,0,0,0,0,252,0,0,0,0,0,120,0,0,0,0,0,0,0,0,0,0,0,0},
  {0,0,0,0,0,0,0,0,0,0,0,0,0,0,0,0,0,0,0,0,0,0,0,0,0,0,0,0,0,0,0,0,0,0,0,0,0,0,0,0,0,0,0,0,0,0,0,0,0,0,0,0,0,0,0,0,0,0,0,0,0,0,0,0,0,0,0,0,0,0,0,0,0,0,0,0,0,0,0,0,0,0,0,0,0,0,0,0,0,0,0,3,248,0,0,0,0,15,252,0,0,0,0,28,15,0,0,0,0,56,3,0,0,0,0,48,1,128,0,0,0,96,65,128,0,0,0,97,224,192,0,0,3,225,240,192,0,0,15,227,48,192,0,0,28,97,240,192,0,0,56,97,224,224,0,0,48,96,1,255,0,0,48,48,3,159,255,224,48,24,7,0,255,248,48,30,14,0,0,8,24,63,252,0,0,12,31,243,255,255,192,12,15,255,255,255,255,140,31,255,255,255,255,140,48,0,0,0,49,140,48,0,0,0,17,140,48,0,0,0,49,140,63,255,255,255,241,140,0,0,0,0,1,140,0,0,0,0,1,140,0,0,0,0,1,140,0,0,0,0,1,140,0,0,0,0,1,140,0,0,0,0,0,204,0,0,0,0,0,252,0,0,0,0,0,120,0,0,0,0,0,0,0,0,0,0,0,0},
  {0,0,0,0,0,0,0,0,0,0,0,0,0,0,0,0,0,0,0,0,0,0,0,0,0,0,0,0,0,0,0,0,0,0,0,0,0,0,0,0,0,0,0,0,0,0,0,0,0,0,0,0,0,0,0,0,0,0,0,0,0,0,0,0,0,0,0,0,0,0,0,0,0,0,0,0,0,0,0,0,0,0,0,0,0,0,0,0,0,0,0,1,224,0,0,0,0,7,252,0,0,0,0,30,30,0,0,0,0,24,7,0,0,0,0,48,3,128,0,0,0,112,1,128,0,0,0,96,224,128,0,0,3,225,240,192,0,0,15,227,176,192,0,0,28,97,176,192,0,0,56,97,240,224,0,0,48,96,65,255,0,0,48,48,1,159,255,224,48,56,3,0,255,248,48,28,7,0,0,8,24,63,252,0,0,12,31,247,255,255,192,12,15,255,255,255,255,140,31,255,255,255,255,140,48,0,0,0,49,140,48,0,0,0,17,140,48,0,0,0,49,140,63,255,255,255,241,140,0,0,0,0,1,140,0,0,0,0,1,140,0,0,0,0,1,140,0,0,0,0,1,140,0,0,0,0,1,140,0,0,0,0,0,204,0,0,0,0,0,252,0,0,0,0,0,120,0,0,0,0,0,0,0,0,0,0,0,0},
  {0,0,0,0,0,0,0,0,0,0,0,0,0,0,0,0,0,0,0,0,0,0,0,0,0,0,0,0,0,0,0,0,0,0,0,0,0,0,0,0,0,0,0,0,0,0,0,0,0,0,0,0,0,0,0,0,0,0,0,0,0,0,0,0,0,0,0,0,0,0,0,0,0,0,0,0,0,0,0,0,0,0,0,0,0,0,0,0,0,0,0,3,248,0,0,0,0,15,252,0,0,0,0,28,15,0,0,0,0,56,3,0,0,0,0,48,1,128,0,0,0,96,65,128,0,0,0,97,224,192,0,0,3,225,240,192,0,0,15,227,48,192,0,0,28,97,240,192,0,0,56,97,224,224,0,0,48,96,1,255,0,0,48,48,3,159,255,224,48,24,7,0,255,248,48,30,14,0,0,8,24,63,252,0,0,12,31,243,255,255,192,12,15,255,255,255,255,140,31,255,255,255,255,140,48,0,0,0,49,140,48,0,0,0,17,140,48,0,0,0,49,140,63,255,255,255,241,140,0,0,0,0,1,140,0,0,0,0,1,140,0,0,0,0,1,140,0,0,0,0,1,140,0,0,0,0,1,140,0,0,0,0,0,204,0,0,0,0,0,252,0,0,0,0,0,120,0,0,0,0,0,0,0,0,0,0,0,0},
  {0,0,0,0,0,0,0,0,0,0,0,0,0,0,0,0,0,0,0,0,0,0,0,0,0,0,0,0,0,0,0,0,0,0,0,0,0,0,0,0,0,0,0,0,0,0,0,0,0,0,0,0,0,0,0,0,0,0,0,0,0,0,0,0,0,0,0,0,0,0,0,0,0,0,0,0,0,0,0,0,0,0,0,0,0,3,248,0,0,0,0,15,254,0,0,0,0,28,7,0,0,0,0,56,3,0,0,0,0,48,1,128,0,0,0,96,65,128,0,0,0,97,240,192,0,0,0,97,176,192,0,0,3,227,176,192,0,0,15,225,240,192,0,0,28,96,224,128,0,0,56,112,1,224,0,0,48,48,3,255,0,0,48,24,7,31,255,224,48,31,30,0,255,248,48,31,252,0,0,8,24,59,224,0,0,12,31,243,255,255,192,12,15,255,255,255,255,140,31,255,255,255,255,140,48,0,0,0,49,140,48,0,0,0,17,140,48,0,0,0,49,140,63,255,255,255,241,140,0,0,0,0,1,140,0,0,0,0,1,140,0,0,0,0,1,140,0,0,0,0,1,140,0,0,0,0,1,140,0,0,0,0,0,204,0,0,0,0,0,252,0,0,0,0,0,120,0,0,0,0,0,0,0,0,0,0,0,0},
  {0,0,0,0,0,0,0,0,0,0,0,0,0,0,0,0,0,0,0,0,0,0,0,0,0,0,0,0,0,0,0,0,0,0,0,0,0,0,0,0,0,0,0,0,0,0,0,0,0,0,0,0,0,0,0,0,0,0,0,0,0,0,0,0,0,0,0,0,0,0,0,0,0,1,240,0,0,0,0,7,252,0,0,0,0,30,14,0,0,0,0,24,7,0,0,0,0,48,3,128,0,0,0,112,1,128,0,0,0,97,224,128,0,0,0,97,240,192,0,0,0,99,48,192,0,0,0,97,240,192,0,0,3,225,224,192,0,0,15,224,65,128,0,0,28,112,1,128,0,0,56,56,3,224,0,0,48,28,15,255,0,0,48,31,252,31,255,224,48,31,248,0,255,248,48,25,128,0,0,8,24,59,0,0,0,12,31,243,255,255,192,12,15,255,255,255,255,140,31,255,255,255,255,140,48,0,0,0,49,140,48,0,0,0,17,140,48,0,0,0,49,140,63,255,255,255,241,140,0,0,0,0,1,140,0,0,0,0,1,140,0,0,0,0,1,140,0,0,0,0,1,140,0,0,0,0,1,140,0,0,0,0,0,204,0,0,0,0,0,252,0,0,0,0,0,120,0,0,0,0,0,0,0,0,0,0,0,0},
  {0,0,0,0,0,0,0,0,0,0,0,0,0,0,0,0,0,0,0,0,0,0,0,0,0,0,0,0,0,0,0,0,0,0,0,0,0,0,0,0,0,0,0,0,0,0,0,0,0,0,0,0,0,0,0,0,0,0,0,0,0,0,64,0,0,0,0,7,248,0,0,0,0,15,62,0,0,0,0,28,7,0,0,0,0,48,3,0,0,0,0,112,1,128,0,0,0,96,193,128,0,0,0,97,240,192,0,0,0,97,176,192,0,0,0,97,176,192,0,0,0,97,240,192,0,0,0,96,193,128,0,0,3,240,1,128,0,0,15,240,3,128,0,0,28,124,7,0,0,0,56,31,63,224,0,0,48,31,255,255,0,0,48,25,192,31,255,224,48,25,128,0,255,248,48,25,128,0,0,8,24,59,0,0,0,12,31,243,255,255,192,12,15,255,255,255,255,140,31,255,255,255,255,140,48,0,0,0,49,140,48,0,0,0,17,140,48,0,0,0,49,140,63,255,255,255,241,140,0,0,0,0,1,140,0,0,0,0,1,140,0,0,0,0,1,140,0,0,0,0,1,140,0,0,0,0,1,140,0,0,0,0,0,204,0,0,0,0,0,252,0,0,0,0,0,120,0,0,0,0,0,0,0,0,0,0,0,0},
  {0,0,0,0,0,0,0,0,0,0,0,0,0,0,0,0,0,0,0,0,0,0,0,0,0,0,0,0,0,0,0,0,0,0,0,0,0,0,0,0,0,0,0,0,0,0,0,0,0,0,0,0,0,0,0,3,240,0,0,0,0,15,252,0,0,0,0,28,14,0,0,0,0,56,3,0,0,0,0,48,1,128,0,0,0,96,1,128,0,0,0,97,224,192,0,0,0,97,240,192,0,0,0,99,48,192,0,0,0,97,240,192,0,0,0,97,224,192,0,0,0,96,1,128,0,0,0,48,1,128,0,0,3,248,3,128,0,0,15,252,15,128,0,0,28,127,255,0,0,0,56,27,251,224,0,0,48,24,195,255,0,0,48,24,192,31,255,224,48,25,128,0,255,248,48,25,128,0,0,8,24,57,0,0,0,12,31,243,255,255,192,12,15,255,255,255,255,140,31,255,255,255,255,140,48,0,0,0,49,140,48,0,0,0,17,140,48,0,0,0,49,140,63,255,255,255,241,140,0,0,0,0,1,140,0,0,0,0,1,140,0,0,0,0,1,140,0,0,0,0,1,140,0,0,0,0,1,140,0,0,0,0,0,204,0,0,0,0,0,252,0,0,0,0,0,120,0,0,0,0,0,0,0,0,0,0,0,0},
  {0,0,0,0,0,0,0,0,0,0,0,0,0,0,0,0,0,0,0,0,0,0,0,0,0,0,0,0,0,0,0,0,0,0,0,0,0,0,0,0,0,0,0,0,0,0,0,0,0,3,248,0,0,0,0,15,252,0,0,0,0,28,15,0,0,0,0,56,3,0,0,0,0,48,1,128,0,0,0,96,1,128,0,0,0,97,224,192,0,0,0,97,240,192,0,0,0,99,48,192,0,0,0,97,240,192,0,0,0,97,224,192,0,0,0,96,1,128,0,0,0,48,3,128,0,0,0,56,7,0,0,0,3,222,15,128,0,0,15,231,253,128,0,0,28,113,243,0,0,0,56,24,99,224,0,0,48,24,195,255,0,0,48,24,192,31,255,224,48,25,128,0,255,248,48,25,128,0,0,8,24,57,0,0,0,12,31,243,255,255,192,12,15,255,255,255,255,140,31,255,255,255,255,140,48,0,0,0,49,140,48,0,0,0,17,140,48,0,0,0,49,140,63,255,255,255,241,140,0,0,0,0,1,140,0,0,0,0,1,140,0,0,0,0,1,140,0,0,0,0,1,140,0,0,0,0,1,140,0,0,0,0,0,204,0,0,0,0,0,252,0,0,0,0,0,120,0,0,0,0,0,0,0,0,0,0,0,0},
  {0,0,0,0,0,0,0,0,0,0,0,0,0,0,0,0,0,0,0,0,0,0,0,0,0,0,0,0,0,0,0,0,0,0,0,0,0,0,0,0,0,0,0,0,192,0,0,0,0,7,248,0,0,0,0,15,62,0,0,0,0,28,7,0,0,0,0,48,3,128,0,0,0,112,1,128,0,0,0,96,193,128,0,0,0,97,240,192,0,0,0,97,176,192,0,0,0,97,176,192,0,0,0,97,240,192,0,0,0,96,193,128,0,0,0,112,1,128,0,0,0,48,3,0,0,0,0,28,7,0,0,0,3,207,63,128,0,0,15,231,249,128,0,0,28,112,99,0,0,0,56,24,99,224,0,0,48,24,195,255,0,0,48,24,192,31,255,224,48,25,128,0,255,248,48,25,128,0,0,8,24,57,0,0,0,12,31,243,255,255,192,12,15,255,255,255,255,140,31,255,255,255,255,140,48,0,0,0,49,140,48,0,0,0,17,140,48,0,0,0,49,140,63,255,255,255,241,140,0,0,0,0,1,140,0,0,0,0,1,140,0,0,0,0,1,140,0,0,0,0,1,140,0,0,0,0,1,140,0,0,0,0,0,204,0,0,0,0,0,252,0,0,0,0,0,120,0,0,0,0,0,0,0,0,0,0,0,0},
  {0,0,0,0,0,0,0,0,0,0,0,0,0,0,0,0,0,0,0,0,0,0,0,0,0,0,0,0,0,0,0,0,0,0,0,0,0,0,0,0,0,0,0,3,240,0,0,0,0,7,252,0,0,0,0,30,14,0,0,0,0,56,3,0,0,0,0,48,3,128,0,0,0,96,1,128,0,0,0,97,224,192,0,0,0,97,240,192,0,0,0,99,48,192,0,0,0,97,240,192,0,0,0,97,224,192,0,0,0,96,1,128,0,0,0,48,1,128,0,0,0,56,3,0,0,0,0,28,15,0,0,0,3,207,255,0,0,0,15,227,251,0,0,0,28,112,227,0,0,0,56,24,199,224,0,0,48,24,195,255,0,0,48,25,128,31,255,224,48,25,128,0,255,248,48,25,128,0,0,8,24,57,0,0,0,12,31,243,255,255,192,12,15,255,255,255,255,140,31,255,255,255,255,140,48,0,0,0,49,140,48,0,0,0,17,140,48,0,0,0,49,140,63,255,255,255,241,140,0,0,0,0,1,140,0,0,0,0,1,140,0,0,0,0,1,140,0,0,0,0,1,140,0,0,0,0,1,140,0,0,0,0,0,204,0,0,0,0,0,252,0,0,0,0,0,120,0,0,0,0,0,0,0,0,0,0,0,0},
  {0,0,0,0,0,0,0,0,0,0,0,0,0,0,0,0,0,0,0,0,0,0,0,0,0,0,0,0,0,0,0,0,0,0,0,0,0,3,240,0,0,0,0,7,252,0,0,0,0,30,14,0,0,0,0,56,3,0,0,0,0,48,3,128,0,0,0,96,1,128,0,0,0,97,224,192,0,0,0,97,240,192,0,0,0,99,48,192,0,0,0,97,240,192,0,0,0,97,224,192,0,0,0,96,1,128,0,0,0,48,1,128,0,0,0,56,3,0,0,0,0,28,15,0,0,0,0,15,254,0,0,0,3,195,254,0,0,0,15,224,198,0,0,0,28,112,198,0,0,0,56,24,143,224,0,0,48,25,135,255,0,0,48,25,128,31,255,224,48,25,128,0,255,248,48,25,128,0,0,8,24,57,0,0,0,12,31,243,255,255,192,12,15,255,255,255,255,140,31,255,255,255,255,140,48,0,0,0,49,140,48,0,0,0,17,140,48,0,0,0,49,140,63,255,255,255,241,140,0,0,0,0,1,140,0,0,0,0,1,140,0,0,0,0,1,140,0,0,0,0,1,140,0,0,0,0,1,140,0,0,0,0,0,204,0,0,0,0,0,252,0,0,0,0,0,120,0,0,0,0,0,0,0,0,0,0,0,0},
  {0,0,0,0,0,0,0,0,0,0,0,0,0,0,0,0,0,0,0,0,0,0,0,0,0,0,0,0,0,0,0,3,248,0,0,0,0,15,252,0,0,0,0,28,15,0,0,0,0,56,3,0,0,0,0,48,1,128,0,0,0,96,65,128,0,0,0,97,240,192,0,0,0,97,176,192,0,0,0,99,48,192,0,0,0,97,240,192,0,0,0,96,224,128,0,0,0,112,1,128,0,0,0,48,3,128,0,0,0,24,7,0,0,0,0,30,14,0,0,0,0,7,252,0,0,0,0,1,236,0,0,0,3,192,204,0,0,0,15,224,204,0,0,0,28,112,140,0,0,0,56,25,143,224,0,0,48,25,143,255,0,0,48,25,128,31,255,224,48,25,128,0,255,248,48,25,128,0,0,8,24,57,0,0,0,12,31,243,255,255,192,12,15,255,255,255,255,140,31,255,255,255,255,140,48,0,0,0,49,140,48,0,0,0,17,140,48,0,0,0,49,140,63,255,255,255,241,140,0,0,0,0,1,140,0,0,0,0,1,140,0,0,0,0,1,140,0,0,0,0,1,140,0,0,0,0,1,140,0,0,0,0,0,204,0,0,0,0,0,252,0,0,0,0,0,120,0,0,0,0,0,0,0,0,0,0,0,0},
  {0,0,0,0,0,0,0,0,0,0,0,0,0,0,0,0,0,0,0,0,192,0,0,0,0,7,248,0,0,0,0,15,62,0,0,0,0,28,7,0,0,0,0,48,3,128,0,0,0,112,1,128,0,0,0,96,193,128,0,0,0,97,240,192,0,0,0,97,176,192,0,0,0,97,176,192,0,0,0,97,240,192,0,0,0,96,193,128,0,0,0,112,1,128,0,0,0,48,3,0,0,0,0,28,7,0,0,0,0,15,62,0,0,0,0,7,248,0,0,0,0,1,204,0,0,0,0,0,140,0,0,0,3,193,140,0,0,0,15,225,140,0,0,0,28,113,136,0,0,0,56,25,143,224,0,0,48,25,143,255,0,0,48,25,128,31,255,224,48,25,128,0,255,248,48,25,0,0,0,8,24,57,0,0,0,12,31,243,255,255,192,12,15,255,255,255,255,140,31,255,255,255,255,140,48,0,0,0,49,140,48,0,0,0,17,140,48,0,0,0,49,140,63,255,255,255,241,140,0,0,0,0,1,140,0,0,0,0,1,140,0,0,0,0,1,140,0,0,0,0,1,140,0,0,0,0,1,140,0,0,0,0,0,204,0,0,0,0,0,252,0,0,0,0,0,120,0,0,0,0,0,0,0,0,0,0,0,0},
  {0,0,0,0,0,0,0,0,0,0,0,0,0,0,192,0,0,0,0,7,248,0,0,0,0,15,62,0,0,0,0,28,7,0,0,0,0,48,3,128,0,0,0,112,1,128,0,0,0,96,193,128,0,0,0,97,240,192,0,0,0,97,176,192,0,0,0,97,176,192,0,0,0,97,240,192,0,0,0,96,193,128,0,0,0,112,1,128,0,0,0,48,3,0,0,0,0,28,7,0,0,0,0,15,62,0,0,0,0,7,248,0,0,0,0,1,248,0,0,0,0,1,152,0,0,0,0,1,152,0,0,0,3,193,152,0,0,0,15,225,152,0,0,0,28,113,24,0,0,0,56,25,31,224,0,0,48,25,31,255,0,0,48,25,0,31,255,224,48,25,0,0,255,248,48,25,0,0,0,8,24,57,0,0,0,12,31,243,255,255,192,12,15,255,255,255,255,140,31,255,255,255,255,140,48,0,0,0,49,140,48,0,0,0,17,140,48,0,0,0,49,140,63,255,255,255,241,140,0,0,0,0,1,140,0,0,0,0,1,140,0,0,0,0,1,140,0,0,0,0,1,140,0,0,0,0,1,140,0,0,0,0,0,204,0,0,0,0,0,252,0,0,0,0,0,120,0,0,0,0,0,0,0,0,0,0,0,0},
  {0,0,0,0,0,0,0,0,0,0,0,0,0,3,240,0,0,0,0,7,252,0,0,0,0,30,14,0,0,0,0,56,3,0,0,0,0,48,3,128,0,0,0,96,1,128,0,0,0,97,224,192,0,0,0,97,240,192,0,0,0,99,48,192,0,0,0,97,240,192,0,0,0,97,224,192,0,0,0,96,1,128,0,0,0,48,1,128,0,0,0,56,3,0,0,0,0,28,15,0,0,0,0,15,252,0,0,0,0,3,248,0,0,0,0,1,48,0,0,0,0,1,48,0,0,0,0,1,48,0,0,0,3,193,48,0,0,0,15,225,48,0,0,0,28,113,48,0,0,0,56,25,63,224,0,0,48,25,31,255,0,0,48,25,0,31,255,224,48,25,0,0,255,248,48,25,0,0,0,8,24,57,0,0,0,12,31,243,255,255,192,12,15,255,255,255,255,140,31,255,255,255,255,140,48,0,0,0,49,140,48,0,0,0,17,140,48,0,0,0,49,140,63,255,255,255,241,140,0,0,0,0,1,140,0,0,0,0,1,140,0,0,0,0,1,140,0,0,0,0,1,140,0,0,0,0,1,140,0,0,0,0,0,204,0,0,0,0,0,252,0,0,0,0,0,120,0,0,0,0,0,0,0,0,0,0,0,0},
  {0,0,0,0,0,0,0,0,0,0,0,0,0,3,240,0,0,0,0,7,252,0,0,0,0,30,14,0,0,0,0,56,3,0,0,0,0,48,3,128,0,0,0,96,1,128,0,0,0,97,224,192,0,0,0,97,240,192,0,0,0,99,48,192,0,0,0,97,240,192,0,0,0,97,224,192,0,0,0,96,1,128,0,0,0,48,1,128,0,0,0,56,3,0,0,0,0,28,15,0,0,0,0,15,252,0,0,0,0,3,248,0,0,0,0,1,48,0,0,0,0,1,48,0,0,0,0,1,48,0,0,0,3,193,48,0,0,0,15,225,48,0,0,0,28,113,48,0,0,0,56,25,63,224,0,0,48,25,31,255,0,0,48,25,0,31,255,224,48,25,0,0,255,248,48,25,0,0,0,8,24,57,0,0,0,12,31,243,255,255,192,12,15,255,255,255,255,140,31,255,255,255,255,140,48,0,0,0,49,140,48,0,0,0,17,140,48,0,0,0,49,140,63,255,255,255,241,140,0,0,0,0,1,140,0,0,0,0,1,140,0,0,0,0,1,140,0,0,0,0,1,140,0,0,0,0,1,140,0,0,0,0,0,204,0,0,0,0,0,252,0,0,0,0,0,120,0,0,0,0,0,0,0,0,0,0,0,0},
  {0,0,0,0,0,0,0,0,0,0,0,0,0,3,240,0,0,0,0,7,252,0,0,0,0,30,14,0,0,0,0,56,3,0,0,0,0,48,3,128,0,0,0,96,1,128,0,0,0,97,224,192,0,0,0,97,240,192,0,0,0,99,48,192,0,0,0,97,240,192,0,0,0,97,224,192,0,0,0,96,1,128,0,0,0,48,1,128,0,0,0,56,3,0,0,0,0,28,15,0,0,0,0,15,252,0,0,0,0,3,248,0,0,0,0,1,48,0,0,0,0,1,48,0,0,0,0,1,48,0,0,0,3,193,48,0,0,0,15,225,48,0,0,0,28,113,48,0,0,0,56,25,63,224,0,0,48,25,31,255,0,0,48,25,0,31,255,224,48,25,0,0,255,248,48,25,0,0,0,8,24,57,0,0,0,12,31,243,255,255,192,12,15,255,255,255,255,140,31,255,255,255,255,140,48,0,0,0,49,140,48,0,0,0,17,140,48,0,0,0,49,140,63,255,255,255,241,140,0,0,0,0,1,140,0,0,0,0,1,140,0,0,0,0,1,140,0,0,0,0,1,140,0,0,0,0,1,140,0,0,0,0,0,204,0,0,0,0,0,252,0,0,0,0,0,120,0,0,0,0,0,0,0,0,0,0,0,0}
};

void setup() {
  display.begin(SSD1306_SWITCHCAPVCC, SCREEN_I2C_ADDR);
}

int frame = 0;
void loop() {
  display.clearDisplay();
  display.drawBitmap(40, 8, frames[frame], FRAME_WIDTH, FRAME_HEIGHT, 1);
  display.display();
  frame = (frame + 1) % FRAME_COUNT;
  delay(FRAME_DELAY);
}