#include <Adafruit_GFX.h>
#include <Adafruit_SSD1306.h>

#define SCREEN_I2C_ADDR 0x3D // or 0x3C
#define SCREEN_WIDTH 128     // OLED display width, in pixels
#define SCREEN_HEIGHT 64     // OLED display height, in pixels
#define OLED_RST_PIN -1      // Reset pin (-1 if not available)

Adafruit_SSD1306 display(128, 64, &Wire, OLED_RST_PIN);

// OLED Animation: deadlift
// Code auto-generated by https://wokwi.com/animator, graphics by icons8.com

#define FRAME_DELAY (42)
#define FRAME_WIDTH (48)
#define FRAME_HEIGHT (48)
#define FRAME_COUNT (sizeof(frames) / sizeof(frames[0]))
const byte PROGMEM frames[][288] = {
  {0,0,0,0,0,0,0,0,0,0,0,0,0,0,0,0,0,0,0,0,3,192,0,0,0,0,15,240,0,0,0,0,12,48,0,0,0,0,24,24,0,0,0,0,24,24,0,0,0,0,24,24,0,0,0,0,12,48,0,0,0,0,15,240,0,0,0,0,7,224,0,0,0,0,0,0,0,0,0,0,0,0,0,0,0,0,127,254,0,0,0,0,192,7,0,0,0,1,128,1,128,0,0,1,0,0,128,0,0,3,0,0,128,0,0,3,16,8,192,0,0,3,48,12,192,0,0,3,48,12,192,0,6,67,48,12,194,96,6,99,48,12,198,96,6,99,48,12,198,96,6,99,48,12,198,96,6,99,48,12,198,96,6,99,48,12,198,96,6,99,48,12,198,96,30,127,63,252,254,120,30,127,191,253,254,120,6,97,240,15,134,96,6,96,192,2,6,96,6,96,6,96,6,96,6,96,6,96,6,96,6,96,102,102,6,96,6,96,100,34,6,96,0,0,204,51,0,0,0,0,204,51,0,0,0,0,204,51,0,0,0,0,204,51,0,0,0,0,200,17,0,0,0,0,216,25,0,0,0,0,248,31,0,0,0,0,112,14,0,0,0,0,0,0,0,0,0,0,0,0,0,0,0,0,0,0,0,0},
  {0,0,0,0,0,0,0,0,0,0,0,0,0,0,0,0,0,0,0,0,3,192,0,0,0,0,15,240,0,0,0,0,12,48,0,0,0,0,24,24,0,0,0,0,24,24,0,0,0,0,24,24,0,0,0,0,12,48,0,0,0,0,15,240,0,0,0,0,7,224,0,0,0,0,0,0,0,0,0,0,0,0,0,0,0,0,127,254,0,0,0,0,192,7,0,0,0,1,128,1,128,0,0,1,0,0,128,0,0,3,0,0,128,0,0,3,16,8,192,0,0,3,48,12,192,0,0,3,48,12,192,0,6,67,48,12,194,96,6,99,48,12,198,96,6,99,48,12,198,96,6,99,48,12,198,96,6,99,48,12,198,96,6,99,48,12,198,96,6,99,48,12,198,96,30,127,63,252,254,120,30,127,191,253,254,120,6,97,240,15,134,96,6,96,192,2,6,96,6,96,6,96,6,96,6,96,6,96,6,96,6,96,102,102,6,96,6,96,100,34,6,96,0,0,204,51,0,0,0,0,204,51,0,0,0,0,204,51,0,0,0,0,204,51,0,0,0,0,200,17,0,0,0,0,216,25,0,0,0,0,248,31,0,0,0,0,112,14,0,0,0,0,0,0,0,0,0,0,0,0,0,0,0,0,0,0,0,0},
  {0,0,0,0,0,0,0,0,0,0,0,0,0,0,0,0,0,0,0,0,3,192,0,0,0,0,15,240,0,0,0,0,12,48,0,0,0,0,24,24,0,0,0,0,24,24,0,0,0,0,24,24,0,0,0,0,12,48,0,0,0,0,15,240,0,0,0,0,7,224,0,0,0,0,0,0,0,0,0,0,0,0,0,0,0,0,127,254,0,0,0,0,192,7,0,0,0,1,128,1,128,0,0,1,0,0,128,0,0,3,0,0,128,0,0,3,16,8,192,0,0,3,48,12,192,0,0,3,48,12,192,0,6,67,48,12,194,96,6,99,48,12,198,96,6,99,48,12,198,96,6,99,48,12,198,96,6,99,48,12,198,96,6,99,48,12,198,96,6,99,48,12,198,96,30,127,63,252,254,120,30,127,191,253,254,120,6,97,240,15,134,96,6,96,192,2,6,96,6,96,6,96,6,96,6,96,6,96,6,96,6,96,102,102,6,96,6,96,100,34,6,96,0,0,204,51,0,0,0,0,204,51,0,0,0,0,204,51,0,0,0,0,204,51,0,0,0,0,200,17,0,0,0,0,216,25,0,0,0,0,248,31,0,0,0,0,112,14,0,0,0,0,0,0,0,0,0,0,0,0,0,0,0,0,0,0,0,0},
  {0,0,0,0,0,0,0,0,0,0,0,0,0,0,0,0,0,0,0,0,3,192,0,0,0,0,15,240,0,0,0,0,12,48,0,0,0,0,24,24,0,0,0,0,24,24,0,0,0,0,24,24,0,0,0,0,12,48,0,0,0,0,15,240,0,0,0,0,7,224,0,0,0,0,0,0,0,0,0,0,0,0,0,0,0,0,127,254,0,0,0,0,192,7,0,0,0,1,128,1,128,0,0,1,0,0,128,0,0,3,0,0,128,0,0,3,16,8,192,0,0,3,48,12,192,0,0,3,48,12,192,0,6,67,48,12,194,96,6,99,48,12,198,96,6,99,48,12,198,96,6,99,48,12,198,96,6,99,48,12,198,96,6,99,48,12,198,96,6,99,48,12,198,96,30,127,63,252,254,120,30,127,191,253,254,120,6,97,240,15,134,96,6,96,192,2,6,96,6,96,6,96,6,96,6,96,6,96,6,96,6,96,102,102,6,96,6,96,100,34,6,96,0,0,204,51,0,0,0,0,204,51,0,0,0,0,204,51,0,0,0,0,204,51,0,0,0,0,200,17,0,0,0,0,216,25,0,0,0,0,248,31,0,0,0,0,112,14,0,0,0,0,0,0,0,0,0,0,0,0,0,0,0,0,0,0,0,0},
  {0,0,0,0,0,0,0,0,0,0,0,0,0,0,0,0,0,0,0,0,3,192,0,0,0,0,7,224,0,0,0,0,12,48,0,0,0,0,28,56,0,0,0,0,24,24,0,0,0,0,24,24,0,0,0,0,12,48,0,0,0,0,14,112,0,0,0,0,7,224,0,0,0,0,1,128,0,0,0,0,0,0,0,0,0,0,127,254,0,0,0,0,224,15,0,0,0,1,128,1,128,0,0,1,128,0,128,0,0,1,0,0,128,0,0,3,0,0,192,0,0,3,48,12,192,0,0,3,48,12,192,0,4,67,48,12,194,32,6,99,48,12,198,96,6,99,48,12,198,96,6,99,48,12,198,96,6,99,48,12,198,96,6,99,48,12,198,96,6,99,48,12,198,96,30,127,63,252,254,120,30,127,191,253,254,120,6,97,240,15,134,96,6,96,192,3,6,96,6,96,6,96,6,96,6,96,6,96,6,96,6,96,102,102,6,96,6,96,100,34,6,96,4,64,204,51,2,32,0,0,204,51,0,0,0,0,204,51,0,0,0,0,204,51,0,0,0,0,200,17,0,0,0,0,216,25,0,0,0,0,248,31,0,0,0,0,112,14,0,0,0,0,0,0,0,0,0,0,0,0,0,0,0,0,0,0,0,0},
  {0,0,0,0,0,0,0,0,0,0,0,0,0,0,0,0,0,0,0,0,0,0,0,0,0,0,7,224,0,0,0,0,15,240,0,0,0,0,12,48,0,0,0,0,24,24,0,0,0,0,24,24,0,0,0,0,24,24,0,0,0,0,12,48,0,0,0,0,15,240,0,0,0,0,3,192,0,0,0,0,0,0,0,0,0,0,63,252,0,0,0,0,255,255,0,0,0,1,192,1,128,0,0,1,128,1,128,0,0,1,0,0,128,0,0,3,0,0,192,0,0,3,48,12,192,0,0,3,48,12,192,0,0,3,48,12,192,0,6,99,48,12,198,96,6,99,48,12,198,96,6,99,48,12,198,96,6,99,48,12,198,96,6,99,48,12,198,96,6,99,48,12,198,96,14,127,63,252,254,112,30,127,63,252,254,120,14,99,240,15,198,112,6,97,224,7,134,96,6,96,0,0,6,96,6,96,6,96,6,96,6,96,102,38,6,96,6,96,76,50,6,96,6,96,204,51,6,96,0,0,204,51,0,0,0,0,204,51,0,0,0,0,204,51,0,0,0,0,200,17,0,0,0,0,216,25,0,0,0,0,248,31,0,0,0,0,112,14,0,0,0,0,0,0,0,0,0,0,0,0,0,0,0,0,0,0,0,0},
  {0,0,0,0,0,0,0,0,0,0,0,0,0,0,0,0,0,0,0,0,0,0,0,0,0,0,1,128,0,0,0,0,7,224,0,0,0,0,14,112,0,0,0,0,12,48,0,0,0,0,24,24,0,0,0,0,24,24,0,0,0,0,28,56,0,0,0,0,14,112,0,0,0,0,7,224,0,0,0,0,3,192,0,0,0,0,0,0,0,0,0,0,63,252,0,0,0,0,255,255,0,0,0,1,128,1,128,0,0,1,128,1,128,0,0,1,0,0,128,0,0,3,0,0,192,0,0,3,48,12,192,0,0,3,48,12,192,0,0,67,48,12,194,0,6,99,48,12,198,96,6,99,48,12,198,96,6,99,48,12,198,96,6,99,48,12,198,96,6,99,48,12,198,96,6,99,48,12,198,96,30,127,63,252,254,120,30,127,63,252,254,120,6,97,240,15,134,96,6,96,224,7,6,96,6,96,4,96,6,96,6,96,6,32,6,96,6,96,204,51,6,96,6,96,204,51,6,96,6,64,204,51,2,96,0,0,204,51,0,0,0,0,204,19,0,0,0,0,136,17,0,0,0,0,216,25,0,0,0,0,248,31,0,0,0,0,112,14,0,0,0,0,0,0,0,0,0,0,0,0,0,0,0,0,0,0,0,0},
  {0,0,0,0,0,0,0,0,0,0,0,0,0,0,0,0,0,0,0,0,0,0,0,0,0,0,0,0,0,0,0,0,3,192,0,0,0,0,7,224,0,0,0,0,14,112,0,0,0,0,28,56,0,0,0,0,24,24,0,0,0,0,24,24,0,0,0,0,28,56,0,0,0,0,14,112,0,0,0,0,7,224,0,0,0,0,3,192,0,0,0,0,0,0,0,0,0,0,127,254,0,0,0,0,255,255,0,0,0,1,128,1,128,0,0,1,128,1,128,0,0,1,0,0,128,0,0,3,0,0,192,0,0,3,48,12,192,0,0,3,48,12,192,0,4,67,48,12,194,32,6,99,48,12,198,96,6,99,48,12,198,96,6,99,48,12,198,96,6,99,48,12,198,96,6,99,48,12,198,96,6,99,48,12,198,96,30,127,63,252,254,120,30,127,191,252,254,120,6,97,240,15,134,96,6,96,224,7,6,96,6,96,4,32,6,96,6,96,12,48,6,96,6,96,204,51,6,96,6,96,204,51,6,96,4,64,204,51,2,32,0,0,200,19,0,0,0,0,152,17,0,0,0,0,216,25,0,0,0,0,248,31,0,0,0,0,112,14,0,0,0,0,0,0,0,0,0,0,0,0,0,0,0,0,0,0,0,0},
  {0,0,0,0,0,0,0,0,0,0,0,0,0,0,0,0,0,0,0,0,0,0,0,0,0,0,0,0,0,0,0,0,0,0,0,0,0,0,3,192,0,0,0,0,7,224,0,0,0,0,14,112,0,0,0,0,28,56,0,0,0,0,24,24,0,0,0,0,24,24,0,0,0,0,28,56,0,0,0,0,14,112,0,0,0,0,7,224,0,0,0,0,3,192,0,0,0,0,0,0,0,0,0,0,127,254,0,0,0,0,255,255,0,0,0,1,128,1,128,0,0,1,128,1,128,0,0,1,0,0,128,0,0,3,0,0,192,0,0,3,48,12,192,0,0,3,48,12,192,0,4,67,48,12,194,32,6,99,48,12,198,96,6,99,48,12,198,96,6,99,48,12,198,96,6,99,48,12,198,96,6,99,48,12,198,96,6,99,48,12,198,96,30,127,63,252,254,120,30,127,191,252,254,120,6,97,240,15,134,96,6,96,224,7,6,96,6,96,4,32,6,96,6,96,12,48,6,96,6,96,204,51,6,96,6,96,204,19,6,96,4,64,200,19,2,32,0,0,152,25,0,0,0,0,216,25,0,0,0,0,248,31,0,0,0,0,112,14,0,0,0,0,0,0,0,0,0,0,0,0,0,0,0,0,0,0,0,0},
  {0,0,0,0,0,0,0,0,0,0,0,0,0,0,0,0,0,0,0,0,0,0,0,0,0,0,0,0,0,0,0,0,0,0,0,0,0,0,0,0,0,0,0,0,1,128,0,0,0,0,7,224,0,0,0,0,14,112,0,0,0,0,28,56,0,0,0,0,24,24,0,0,0,0,24,24,0,0,0,0,28,56,0,0,0,0,14,112,0,0,0,0,7,224,0,0,0,0,3,192,0,0,0,0,0,0,0,0,0,0,63,252,0,0,0,0,255,255,0,0,0,1,128,1,128,0,0,1,128,1,128,0,0,1,0,0,128,0,0,3,0,0,192,0,0,3,48,12,192,0,0,3,48,12,192,0,4,67,48,12,194,32,6,99,48,12,198,96,6,99,48,12,198,96,6,99,48,12,198,96,6,99,48,12,198,96,6,99,48,12,198,96,6,99,48,12,198,96,30,127,63,252,254,120,30,127,63,252,254,120,6,97,240,15,134,96,6,96,224,7,6,96,6,96,4,32,6,96,6,96,12,16,6,96,6,96,200,19,6,96,6,96,200,17,6,96,6,64,152,25,2,96,0,0,216,25,0,0,0,0,248,31,0,0,0,0,112,14,0,0,0,0,0,0,0,0,0,0,0,0,0,0,0,0,0,0,0,0},
  {0,0,0,0,0,0,0,0,0,0,0,0,0,0,0,0,0,0,0,0,0,0,0,0,0,0,0,0,0,0,0,0,0,0,0,0,0,0,0,0,0,0,0,0,0,0,0,0,0,0,1,128,0,0,0,0,7,224,0,0,0,0,14,112,0,0,0,0,28,56,0,0,0,0,24,24,0,0,0,0,24,24,0,0,0,0,28,56,0,0,0,0,14,112,0,0,0,0,7,224,0,0,0,0,3,192,0,0,0,0,0,0,0,0,0,0,63,252,0,0,0,0,255,255,0,0,0,1,128,1,128,0,0,1,128,1,128,0,0,1,0,0,128,0,0,3,0,0,192,0,0,3,48,12,192,0,0,3,48,12,192,0,4,67,48,12,194,32,6,99,48,12,198,96,6,99,48,12,198,96,6,99,48,12,198,96,6,99,48,12,198,96,6,99,48,12,198,96,6,99,48,12,198,96,30,127,63,252,254,120,30,127,63,252,254,120,6,97,240,15,134,96,6,96,224,7,6,96,6,96,0,0,6,96,6,96,8,16,6,96,6,96,152,25,6,96,6,96,152,25,6,96,6,64,216,25,2,96,0,0,248,31,0,0,0,0,112,14,0,0,0,0,0,0,0,0,0,0,0,0,0,0,0,0,0,0,0,0},
  {0,0,0,0,0,0,0,0,0,0,0,0,0,0,0,0,0,0,0,0,0,0,0,0,0,0,0,0,0,0,0,0,0,0,0,0,0,0,0,0,0,0,0,0,0,0,0,0,0,0,0,0,0,0,0,0,3,192,0,0,0,0,7,224,0,0,0,0,14,112,0,0,0,0,28,56,0,0,0,0,24,24,0,0,0,0,24,24,0,0,0,0,28,56,0,0,0,0,14,112,0,0,0,0,7,224,0,0,0,0,1,128,0,0,0,0,0,0,0,0,0,0,127,254,0,0,0,0,255,255,0,0,0,1,128,1,128,0,0,1,128,1,128,0,0,1,0,0,128,0,0,3,0,0,192,0,0,3,48,12,192,0,0,3,48,12,192,0,4,67,48,12,194,32,6,99,48,12,198,96,6,99,48,12,198,96,6,99,48,12,198,96,6,99,48,12,198,96,6,99,48,12,198,96,6,99,48,12,198,96,30,127,63,252,254,120,30,127,191,252,254,120,6,97,240,15,134,96,6,96,224,7,6,96,6,96,0,0,6,96,6,96,24,24,6,96,6,96,152,25,6,96,6,96,216,25,6,96,4,64,248,31,2,32,0,0,112,14,0,0,0,0,0,0,0,0,0,0,0,0,0,0,0,0,0,0,0,0},
  {0,0,0,0,0,0,0,0,0,0,0,0,0,0,0,0,0,0,0,0,0,0,0,0,0,0,0,0,0,0,0,0,0,0,0,0,0,0,0,0,0,0,0,0,0,0,0,0,0,0,0,0,0,0,0,0,0,0,0,0,0,0,3,192,0,0,0,0,15,240,0,0,0,0,12,48,0,0,0,0,24,24,0,0,0,0,24,24,0,0,0,0,24,24,0,0,0,0,12,48,0,0,0,0,15,240,0,0,0,0,7,224,0,0,0,0,0,0,0,0,0,0,0,0,0,0,0,0,127,254,0,0,0,0,224,7,0,0,0,1,128,1,128,0,0,1,128,0,128,0,0,3,0,0,128,0,0,3,0,0,192,0,0,3,48,12,192,0,0,3,48,12,192,0,6,67,48,12,194,96,6,99,48,12,198,96,6,99,48,12,198,96,6,99,48,12,198,96,6,99,48,12,198,96,6,99,48,12,198,96,6,99,48,12,198,96,30,127,63,252,254,120,30,127,191,253,254,120,6,97,240,15,134,96,6,96,192,3,6,96,6,96,8,16,6,96,6,96,152,24,6,96,6,96,216,25,6,96,6,96,248,31,6,96,0,0,112,14,0,0,0,0,0,0,0,0,0,0,0,0,0,0,0,0,0,0,0,0},
  {0,0,0,0,0,0,0,0,0,0,0,0,0,0,0,0,0,0,0,0,0,0,0,0,0,0,0,0,0,0,0,0,0,0,0,0,0,0,0,0,0,0,0,0,0,0,0,0,0,0,0,0,0,0,0,0,0,0,0,0,0,0,1,128,0,0,0,0,7,224,0,0,0,0,14,112,0,0,0,0,12,48,0,0,0,0,24,24,0,0,0,0,24,24,0,0,0,0,28,56,0,0,0,0,12,48,0,0,0,0,7,224,0,0,0,0,3,192,0,0,0,0,0,0,0,0,0,0,63,252,0,0,0,0,255,255,0,0,0,1,128,1,128,0,0,1,128,1,128,0,0,1,0,0,128,0,0,3,0,0,192,0,0,3,48,12,192,0,0,3,48,12,192,0,0,3,48,12,192,0,6,99,48,12,198,96,6,99,48,12,198,96,6,99,48,12,198,96,6,99,48,12,198,96,6,99,48,12,198,96,6,99,48,12,198,96,30,127,63,252,254,120,30,127,63,252,254,120,6,99,240,15,198,96,6,97,224,7,134,96,6,96,0,0,6,96,6,96,8,16,6,96,6,96,216,25,6,96,6,96,248,31,6,96,6,64,112,14,2,96,0,0,0,0,0,0,0,0,0,0,0,0,0,0,0,0,0,0},
  {0,0,0,0,0,0,0,0,0,0,0,0,0,0,0,0,0,0,0,0,0,0,0,0,0,0,0,0,0,0,0,0,0,0,0,0,0,0,0,0,0,0,0,0,0,0,0,0,0,0,0,0,0,0,0,0,0,0,0,0,0,0,0,0,0,0,0,0,7,224,0,0,0,0,15,240,0,0,0,0,12,48,0,0,0,0,24,24,0,0,0,0,24,24,0,0,0,0,24,24,0,0,0,0,12,48,0,0,0,0,15,240,0,0,0,0,3,192,0,0,0,0,0,0,0,0,0,0,31,252,0,0,0,0,127,254,0,0,0,0,192,3,128,0,0,1,128,1,128,0,0,1,0,0,128,0,0,3,0,0,128,0,0,3,16,8,192,0,0,3,48,12,192,0,0,3,48,12,192,0,6,99,48,12,198,96,6,99,48,12,198,96,6,99,48,12,198,96,6,99,48,12,198,96,6,99,48,12,198,96,6,99,48,12,198,96,14,127,63,252,254,112,30,127,63,252,254,120,14,99,176,15,198,112,6,97,240,7,134,96,6,96,0,0,6,96,6,96,8,16,6,96,6,96,216,25,6,96,6,96,248,31,6,96,6,96,112,14,6,96,0,0,0,0,0,0,0,0,0,0,0,0,0,0,0,0,0,0},
  {0,0,0,0,0,0,0,0,0,0,0,0,0,0,0,0,0,0,0,0,0,0,0,0,0,0,0,0,0,0,0,0,0,0,0,0,0,0,0,0,0,0,0,0,0,0,0,0,0,0,0,0,0,0,0,0,0,0,0,0,0,0,1,128,0,0,0,0,7,224,0,0,0,0,14,112,0,0,0,0,12,48,0,0,0,0,24,24,0,0,0,0,24,24,0,0,0,0,28,56,0,0,0,0,12,48,0,0,0,0,7,224,0,0,0,0,3,192,0,0,0,0,0,0,0,0,0,0,63,252,0,0,0,0,255,255,0,0,0,1,128,1,128,0,0,1,128,1,128,0,0,1,0,0,128,0,0,3,0,0,192,0,0,3,48,12,192,0,0,3,48,12,192,0,0,3,48,12,192,0,6,99,48,12,198,96,6,99,48,12,198,96,6,99,48,12,198,96,6,99,48,12,198,96,6,99,48,12,198,96,6,99,48,12,198,96,30,127,63,252,254,120,30,127,63,252,254,120,6,99,240,15,198,96,6,97,224,7,134,96,6,96,0,0,6,96,6,96,8,16,6,96,6,96,216,25,6,96,6,96,248,31,6,96,6,64,112,14,2,96,0,0,0,0,0,0,0,0,0,0,0,0,0,0,0,0,0,0},
  {0,0,0,0,0,0,0,0,0,0,0,0,0,0,0,0,0,0,0,0,0,0,0,0,0,0,0,0,0,0,0,0,0,0,0,0,0,0,0,0,0,0,0,0,0,0,0,0,0,0,0,0,0,0,0,0,0,0,0,0,0,0,3,192,0,0,0,0,15,240,0,0,0,0,12,48,0,0,0,0,24,24,0,0,0,0,24,24,0,0,0,0,24,24,0,0,0,0,12,48,0,0,0,0,15,240,0,0,0,0,7,224,0,0,0,0,0,0,0,0,0,0,0,0,0,0,0,0,127,254,0,0,0,0,224,7,0,0,0,1,128,1,128,0,0,1,128,0,128,0,0,3,0,0,128,0,0,3,0,0,192,0,0,3,48,12,192,0,0,3,48,12,192,0,6,67,48,12,194,96,6,99,48,12,198,96,6,99,48,12,198,96,6,99,48,12,198,96,6,99,48,12,198,96,6,99,48,12,198,96,6,99,48,12,198,96,30,127,63,252,254,120,30,127,191,253,254,120,6,97,240,15,134,96,6,96,192,3,6,96,6,96,8,16,6,96,6,96,152,24,6,96,6,96,216,25,6,96,6,96,248,31,6,96,0,0,112,14,0,0,0,0,0,0,0,0,0,0,0,0,0,0,0,0,0,0,0,0},
  {0,0,0,0,0,0,0,0,0,0,0,0,0,0,0,0,0,0,0,0,0,0,0,0,0,0,0,0,0,0,0,0,0,0,0,0,0,0,0,0,0,0,0,0,0,0,0,0,0,0,0,0,0,0,0,0,3,192,0,0,0,0,7,224,0,0,0,0,14,112,0,0,0,0,28,56,0,0,0,0,24,24,0,0,0,0,24,24,0,0,0,0,28,56,0,0,0,0,14,112,0,0,0,0,7,224,0,0,0,0,1,128,0,0,0,0,0,0,0,0,0,0,127,254,0,0,0,0,255,255,0,0,0,1,128,1,128,0,0,1,128,1,128,0,0,1,0,0,128,0,0,3,0,0,192,0,0,3,48,12,192,0,0,3,48,12,192,0,4,67,48,12,194,32,6,99,48,12,198,96,6,99,48,12,198,96,6,99,48,12,198,96,6,99,48,12,198,96,6,99,48,12,198,96,6,99,48,12,198,96,30,127,63,252,254,120,30,127,191,252,254,120,6,97,240,15,134,96,6,96,224,7,6,96,6,96,0,0,6,96,6,96,24,24,6,96,6,96,152,25,6,96,6,96,216,25,6,96,4,64,248,31,2,32,0,0,112,14,0,0,0,0,0,0,0,0,0,0,0,0,0,0,0,0,0,0,0,0},
  {0,0,0,0,0,0,0,0,0,0,0,0,0,0,0,0,0,0,0,0,0,0,0,0,0,0,0,0,0,0,0,0,0,0,0,0,0,0,0,0,0,0,0,0,0,0,0,0,0,0,1,128,0,0,0,0,7,224,0,0,0,0,14,112,0,0,0,0,28,56,0,0,0,0,24,24,0,0,0,0,24,24,0,0,0,0,28,56,0,0,0,0,14,112,0,0,0,0,7,224,0,0,0,0,3,192,0,0,0,0,0,0,0,0,0,0,63,252,0,0,0,0,255,255,0,0,0,1,128,1,128,0,0,1,128,1,128,0,0,1,0,0,128,0,0,3,0,0,192,0,0,3,48,12,192,0,0,3,48,12,192,0,4,67,48,12,194,32,6,99,48,12,198,96,6,99,48,12,198,96,6,99,48,12,198,96,6,99,48,12,198,96,6,99,48,12,198,96,6,99,48,12,198,96,30,127,63,252,254,120,30,127,63,252,254,120,6,97,240,15,134,96,6,96,224,7,6,96,6,96,0,0,6,96,6,96,8,16,6,96,6,96,152,25,6,96,6,96,152,25,6,96,6,64,216,25,2,96,0,0,248,31,0,0,0,0,112,14,0,0,0,0,0,0,0,0,0,0,0,0,0,0,0,0,0,0,0,0},
  {0,0,0,0,0,0,0,0,0,0,0,0,0,0,0,0,0,0,0,0,0,0,0,0,0,0,0,0,0,0,0,0,0,0,0,0,0,0,0,0,0,0,0,0,1,128,0,0,0,0,7,224,0,0,0,0,14,112,0,0,0,0,28,56,0,0,0,0,24,24,0,0,0,0,24,24,0,0,0,0,28,56,0,0,0,0,14,112,0,0,0,0,7,224,0,0,0,0,3,192,0,0,0,0,0,0,0,0,0,0,63,252,0,0,0,0,255,255,0,0,0,1,128,1,128,0,0,1,128,1,128,0,0,1,0,0,128,0,0,3,0,0,192,0,0,3,48,12,192,0,0,3,48,12,192,0,4,67,48,12,194,32,6,99,48,12,198,96,6,99,48,12,198,96,6,99,48,12,198,96,6,99,48,12,198,96,6,99,48,12,198,96,6,99,48,12,198,96,30,127,63,252,254,120,30,127,63,252,254,120,6,97,240,15,134,96,6,96,224,7,6,96,6,96,4,32,6,96,6,96,12,16,6,96,6,96,200,19,6,96,6,96,200,17,6,96,6,64,152,25,2,96,0,0,216,25,0,0,0,0,248,31,0,0,0,0,112,14,0,0,0,0,0,0,0,0,0,0,0,0,0,0,0,0,0,0,0,0},
  {0,0,0,0,0,0,0,0,0,0,0,0,0,0,0,0,0,0,0,0,0,0,0,0,0,0,0,0,0,0,0,0,0,0,0,0,0,0,3,192,0,0,0,0,7,224,0,0,0,0,14,112,0,0,0,0,28,56,0,0,0,0,24,24,0,0,0,0,24,24,0,0,0,0,28,56,0,0,0,0,14,112,0,0,0,0,7,224,0,0,0,0,3,192,0,0,0,0,0,0,0,0,0,0,127,254,0,0,0,0,255,255,0,0,0,1,128,1,128,0,0,1,128,1,128,0,0,1,0,0,128,0,0,3,0,0,192,0,0,3,48,12,192,0,0,3,48,12,192,0,4,67,48,12,194,32,6,99,48,12,198,96,6,99,48,12,198,96,6,99,48,12,198,96,6,99,48,12,198,96,6,99,48,12,198,96,6,99,48,12,198,96,30,127,63,252,254,120,30,127,191,252,254,120,6,97,240,15,134,96,6,96,224,7,6,96,6,96,4,32,6,96,6,96,12,48,6,96,6,96,204,51,6,96,6,96,204,19,6,96,4,64,200,19,2,32,0,0,152,25,0,0,0,0,216,25,0,0,0,0,248,31,0,0,0,0,112,14,0,0,0,0,0,0,0,0,0,0,0,0,0,0,0,0,0,0,0,0},
  {0,0,0,0,0,0,0,0,0,0,0,0,0,0,0,0,0,0,0,0,0,0,0,0,0,0,0,0,0,0,0,0,3,192,0,0,0,0,7,224,0,0,0,0,14,112,0,0,0,0,28,56,0,0,0,0,24,24,0,0,0,0,24,24,0,0,0,0,28,56,0,0,0,0,14,112,0,0,0,0,7,224,0,0,0,0,3,192,0,0,0,0,0,0,0,0,0,0,127,254,0,0,0,0,255,255,0,0,0,1,128,1,128,0,0,1,128,1,128,0,0,1,0,0,128,0,0,3,0,0,192,0,0,3,48,12,192,0,0,3,48,12,192,0,4,67,48,12,194,32,6,99,48,12,198,96,6,99,48,12,198,96,6,99,48,12,198,96,6,99,48,12,198,96,6,99,48,12,198,96,6,99,48,12,198,96,30,127,63,252,254,120,30,127,191,252,254,120,6,97,240,15,134,96,6,96,224,7,6,96,6,96,4,32,6,96,6,96,12,48,6,96,6,96,204,51,6,96,6,96,204,51,6,96,4,64,204,51,2,32,0,0,200,19,0,0,0,0,152,17,0,0,0,0,216,25,0,0,0,0,248,31,0,0,0,0,112,14,0,0,0,0,0,0,0,0,0,0,0,0,0,0,0,0,0,0,0,0},
  {0,0,0,0,0,0,0,0,0,0,0,0,0,0,0,0,0,0,0,0,0,0,0,0,0,0,1,128,0,0,0,0,7,224,0,0,0,0,14,112,0,0,0,0,12,48,0,0,0,0,24,24,0,0,0,0,24,24,0,0,0,0,28,56,0,0,0,0,14,112,0,0,0,0,7,224,0,0,0,0,3,192,0,0,0,0,0,0,0,0,0,0,63,252,0,0,0,0,255,255,0,0,0,1,128,1,128,0,0,1,128,1,128,0,0,1,0,0,128,0,0,3,0,0,192,0,0,3,48,12,192,0,0,3,48,12,192,0,0,67,48,12,194,0,6,99,48,12,198,96,6,99,48,12,198,96,6,99,48,12,198,96,6,99,48,12,198,96,6,99,48,12,198,96,6,99,48,12,198,96,30,127,63,252,254,120,30,127,63,252,254,120,6,97,240,15,134,96,6,96,224,7,6,96,6,96,4,96,6,96,6,96,6,32,6,96,6,96,204,51,6,96,6,96,204,51,6,96,6,64,204,51,2,96,0,0,204,51,0,0,0,0,204,19,0,0,0,0,136,17,0,0,0,0,216,25,0,0,0,0,248,31,0,0,0,0,112,14,0,0,0,0,0,0,0,0,0,0,0,0,0,0,0,0,0,0,0,0},
  {0,0,0,0,0,0,0,0,0,0,0,0,0,0,0,0,0,0,0,0,0,0,0,0,0,0,7,224,0,0,0,0,15,240,0,0,0,0,12,48,0,0,0,0,24,24,0,0,0,0,24,24,0,0,0,0,24,24,0,0,0,0,12,48,0,0,0,0,15,240,0,0,0,0,3,192,0,0,0,0,0,0,0,0,0,0,63,252,0,0,0,0,255,255,0,0,0,1,192,1,128,0,0,1,128,1,128,0,0,1,0,0,128,0,0,3,0,0,192,0,0,3,48,12,192,0,0,3,48,12,192,0,0,3,48,12,192,0,6,99,48,12,198,96,6,99,48,12,198,96,6,99,48,12,198,96,6,99,48,12,198,96,6,99,48,12,198,96,6,99,48,12,198,96,14,127,63,252,254,112,30,127,63,252,254,120,14,99,240,15,198,112,6,97,224,7,134,96,6,96,0,0,6,96,6,96,6,96,6,96,6,96,70,38,6,96,6,96,76,50,6,96,6,96,204,51,6,96,0,0,204,51,0,0,0,0,204,51,0,0,0,0,204,51,0,0,0,0,200,17,0,0,0,0,216,25,0,0,0,0,248,31,0,0,0,0,112,14,0,0,0,0,0,0,0,0,0,0,0,0,0,0,0,0,0,0,0,0},
  {0,0,0,0,0,0,0,0,0,0,0,0,0,0,0,0,0,0,0,0,3,192,0,0,0,0,7,224,0,0,0,0,12,48,0,0,0,0,28,56,0,0,0,0,24,24,0,0,0,0,24,24,0,0,0,0,12,48,0,0,0,0,14,112,0,0,0,0,7,224,0,0,0,0,1,128,0,0,0,0,0,0,0,0,0,0,127,254,0,0,0,0,224,15,0,0,0,1,128,1,128,0,0,1,128,0,128,0,0,1,0,0,128,0,0,3,0,0,192,0,0,3,48,12,192,0,0,3,48,12,192,0,4,67,48,12,194,32,6,99,48,12,198,96,6,99,48,12,198,96,6,99,48,12,198,96,6,99,48,12,198,96,6,99,48,12,198,96,6,99,48,12,198,96,30,127,63,252,254,120,30,127,191,253,254,120,6,97,240,15,134,96,6,96,192,3,6,96,6,96,6,96,6,96,6,96,6,96,6,96,6,96,102,102,6,96,6,96,100,34,6,96,4,64,204,51,2,32,0,0,204,51,0,0,0,0,204,51,0,0,0,0,204,51,0,0,0,0,200,17,0,0,0,0,216,25,0,0,0,0,248,31,0,0,0,0,112,14,0,0,0,0,0,0,0,0,0,0,0,0,0,0,0,0,0,0,0,0},
  {0,0,0,0,0,0,0,0,0,0,0,0,0,0,0,0,0,0,0,0,3,192,0,0,0,0,15,240,0,0,0,0,12,48,0,0,0,0,24,24,0,0,0,0,24,24,0,0,0,0,24,24,0,0,0,0,12,48,0,0,0,0,15,240,0,0,0,0,7,224,0,0,0,0,0,0,0,0,0,0,0,0,0,0,0,0,127,254,0,0,0,0,192,7,0,0,0,1,128,1,128,0,0,1,0,0,128,0,0,3,0,0,128,0,0,3,16,8,192,0,0,3,48,12,192,0,0,3,48,12,192,0,6,67,48,12,194,96,6,99,48,12,198,96,6,99,48,12,198,96,6,99,48,12,198,96,6,99,48,12,198,96,6,99,48,12,198,96,6,99,48,12,198,96,30,127,63,252,254,120,30,127,191,253,254,120,6,97,240,15,134,96,6,96,192,2,6,96,6,96,6,96,6,96,6,96,6,96,6,96,6,96,102,102,6,96,6,96,100,34,6,96,0,0,204,51,0,0,0,0,204,51,0,0,0,0,204,51,0,0,0,0,204,51,0,0,0,0,200,17,0,0,0,0,216,25,0,0,0,0,248,31,0,0,0,0,112,14,0,0,0,0,0,0,0,0,0,0,0,0,0,0,0,0,0,0,0,0},
  {0,0,0,0,0,0,0,0,0,0,0,0,0,0,0,0,0,0,0,0,3,192,0,0,0,0,15,240,0,0,0,0,12,48,0,0,0,0,24,24,0,0,0,0,24,24,0,0,0,0,24,24,0,0,0,0,12,48,0,0,0,0,15,240,0,0,0,0,7,224,0,0,0,0,0,0,0,0,0,0,0,0,0,0,0,0,127,254,0,0,0,0,192,7,0,0,0,1,128,1,128,0,0,1,0,0,128,0,0,3,0,0,128,0,0,3,16,8,192,0,0,3,48,12,192,0,0,3,48,12,192,0,6,67,48,12,194,96,6,99,48,12,198,96,6,99,48,12,198,96,6,99,48,12,198,96,6,99,48,12,198,96,6,99,48,12,198,96,6,99,48,12,198,96,30,127,63,252,254,120,30,127,191,253,254,120,6,97,240,15,134,96,6,96,192,2,6,96,6,96,6,96,6,96,6,96,6,96,6,96,6,96,102,102,6,96,6,96,100,34,6,96,0,0,204,51,0,0,0,0,204,51,0,0,0,0,204,51,0,0,0,0,204,51,0,0,0,0,200,17,0,0,0,0,216,25,0,0,0,0,248,31,0,0,0,0,112,14,0,0,0,0,0,0,0,0,0,0,0,0,0,0,0,0,0,0,0,0},
  {0,0,0,0,0,0,0,0,0,0,0,0,0,0,0,0,0,0,0,0,3,192,0,0,0,0,15,240,0,0,0,0,12,48,0,0,0,0,24,24,0,0,0,0,24,24,0,0,0,0,24,24,0,0,0,0,12,48,0,0,0,0,15,240,0,0,0,0,7,224,0,0,0,0,0,0,0,0,0,0,0,0,0,0,0,0,127,254,0,0,0,0,192,7,0,0,0,1,128,1,128,0,0,1,0,0,128,0,0,3,0,0,128,0,0,3,16,8,192,0,0,3,48,12,192,0,0,3,48,12,192,0,6,67,48,12,194,96,6,99,48,12,198,96,6,99,48,12,198,96,6,99,48,12,198,96,6,99,48,12,198,96,6,99,48,12,198,96,6,99,48,12,198,96,30,127,63,252,254,120,30,127,191,253,254,120,6,97,240,15,134,96,6,96,192,2,6,96,6,96,6,96,6,96,6,96,6,96,6,96,6,96,102,102,6,96,6,96,100,34,6,96,0,0,204,51,0,0,0,0,204,51,0,0,0,0,204,51,0,0,0,0,204,51,0,0,0,0,200,17,0,0,0,0,216,25,0,0,0,0,248,31,0,0,0,0,112,14,0,0,0,0,0,0,0,0,0,0,0,0,0,0,0,0,0,0,0,0}
};

void setup() {
  display.begin(SSD1306_SWITCHCAPVCC, SCREEN_I2C_ADDR);
}

int frame = 0;
void loop() {
  display.clearDisplay();
  display.drawBitmap(40, 8, frames[frame], FRAME_WIDTH, FRAME_HEIGHT, 1);
  display.display();
  frame = (frame + 1) % FRAME_COUNT;
  delay(FRAME_DELAY);
}