#include <Adafruit_GFX.h>
#include <Adafruit_SSD1306.h>

#define SCREEN_I2C_ADDR 0x3D // or 0x3C
#define SCREEN_WIDTH 128     // OLED display width, in pixels
#define SCREEN_HEIGHT 64     // OLED display height, in pixels
#define OLED_RST_PIN -1      // Reset pin (-1 if not available)

Adafruit_SSD1306 display(128, 64, &Wire, OLED_RST_PIN);

// OLED Animation: dumbbell
// Code auto-generated by https://wokwi.com/animator, graphics by icons8.com

#define FRAME_DELAY (42)
#define FRAME_WIDTH (48)
#define FRAME_HEIGHT (48)
#define FRAME_COUNT (sizeof(frames) / sizeof(frames[0]))
const byte PROGMEM frames[][288] = {
  {0,0,0,0,0,0,0,0,0,0,0,0,0,0,0,0,0,0,0,0,0,0,0,0,0,0,0,0,0,0,0,0,0,0,0,0,0,0,0,0,0,0,0,0,0,0,0,0,0,32,0,0,0,0,0,127,192,3,252,0,0,63,192,3,252,0,0,48,192,3,4,0,12,112,192,3,14,48,15,240,192,3,15,240,12,112,192,3,14,48,12,48,192,3,12,48,12,48,192,3,12,48,12,48,192,3,12,48,12,48,192,3,12,48,12,48,192,3,12,48,124,48,255,255,12,62,252,48,255,255,12,63,204,48,192,3,12,51,204,48,192,3,12,51,204,48,192,3,12,51,204,48,192,3,12,59,252,48,255,255,12,63,124,48,255,255,12,62,12,48,192,3,12,48,12,48,192,3,12,48,12,48,192,3,12,48,12,48,192,3,12,48,12,48,192,3,12,48,12,112,192,3,14,48,15,240,192,3,15,240,15,240,192,3,15,224,0,48,192,3,4,0,0,63,192,3,12,0,0,127,192,3,254,0,0,32,0,0,4,0,0,0,0,0,0,0,0,0,0,0,0,0,0,0,0,0,0,0,0,0,0,0,0,0,0,0,0,0,0,0,0,0,0,0,0,0,0,0,0,0,0,0,0,0,0,0,0,0},
  {0,0,0,0,0,0,0,0,0,0,0,0,0,0,0,0,0,0,0,0,0,0,0,0,0,0,0,0,0,0,0,0,0,0,0,0,0,0,0,0,0,0,0,0,0,0,0,0,0,32,0,0,0,0,0,127,192,3,252,0,0,63,192,3,252,0,0,48,192,3,4,0,12,112,192,3,14,48,15,240,192,3,15,240,12,112,192,3,14,48,12,48,192,3,12,48,12,48,192,3,12,48,12,48,192,3,12,48,12,48,192,3,12,48,12,48,192,3,12,48,124,48,255,255,12,62,252,48,255,255,12,63,204,48,192,3,12,51,204,48,192,3,12,51,204,48,192,3,12,51,204,48,192,3,12,59,252,48,255,255,12,63,124,48,255,255,12,62,12,48,192,3,12,48,12,48,192,3,12,48,12,48,192,3,12,48,12,48,192,3,12,48,12,48,192,3,12,48,12,112,192,3,14,48,15,240,192,3,15,240,15,240,192,3,15,224,0,48,192,3,4,0,0,63,192,3,12,0,0,127,192,3,254,0,0,32,0,0,4,0,0,0,0,0,0,0,0,0,0,0,0,0,0,0,0,0,0,0,0,0,0,0,0,0,0,0,0,0,0,0,0,0,0,0,0,0,0,0,0,0,0,0,0,0,0,0,0,0},
  {0,0,0,0,0,0,0,0,0,0,0,0,0,0,0,0,0,0,0,0,0,0,0,0,0,0,0,0,0,0,0,0,0,0,0,0,0,0,0,0,0,0,0,0,0,0,0,0,0,32,0,0,0,0,0,127,192,3,252,0,0,63,192,3,252,0,0,48,192,3,4,0,12,112,192,3,14,48,15,240,192,3,15,240,12,112,192,3,14,48,12,48,192,3,12,48,12,48,192,3,12,48,12,48,192,3,12,48,12,48,192,3,12,48,12,48,192,3,12,48,124,48,255,255,12,62,252,48,255,255,12,63,204,48,192,3,12,51,204,48,192,3,12,51,204,48,192,3,12,51,204,48,192,3,12,59,252,48,255,255,12,63,124,48,255,255,12,62,12,48,192,3,12,48,12,48,192,3,12,48,12,48,192,3,12,48,12,48,192,3,12,48,12,48,192,3,12,48,12,112,192,3,14,48,15,240,192,3,15,240,15,240,192,3,15,224,0,48,192,3,4,0,0,63,192,3,12,0,0,127,192,3,254,0,0,32,0,0,4,0,0,0,0,0,0,0,0,0,0,0,0,0,0,0,0,0,0,0,0,0,0,0,0,0,0,0,0,0,0,0,0,0,0,0,0,0,0,0,0,0,0,0,0,0,0,0,0,0},
  {0,0,0,0,0,0,0,0,0,0,0,0,0,0,0,0,0,0,0,0,0,0,0,0,0,0,0,0,0,0,0,0,0,0,0,0,0,0,0,0,0,0,0,0,0,0,0,0,0,32,0,0,0,0,0,127,192,3,252,0,0,63,192,3,252,0,0,48,192,3,4,0,12,112,192,3,14,48,15,240,192,3,15,240,12,112,192,3,14,48,12,48,192,3,12,48,12,48,192,3,12,48,12,48,192,3,12,48,12,48,192,3,12,48,12,48,192,3,12,48,124,48,255,255,12,62,252,48,255,255,12,63,204,48,192,3,12,51,204,48,192,3,12,51,204,48,192,3,12,51,204,48,192,3,12,59,252,48,255,255,12,63,124,48,255,255,12,62,12,48,192,3,12,48,12,48,192,3,12,48,12,48,192,3,12,48,12,48,192,3,12,48,12,48,192,3,12,48,12,112,192,3,14,48,15,240,192,3,15,240,15,240,192,3,15,224,0,48,192,3,4,0,0,63,192,3,12,0,0,127,192,3,254,0,0,32,0,0,4,0,0,0,0,0,0,0,0,0,0,0,0,0,0,0,0,0,0,0,0,0,0,0,0,0,0,0,0,0,0,0,0,0,0,0,0,0,0,0,0,0,0,0,0,0,0,0,0,0},
  {0,0,0,0,0,0,0,0,0,0,0,0,0,0,0,0,0,0,0,0,0,0,0,0,0,0,0,0,0,0,0,0,0,0,0,0,0,0,0,0,0,0,0,0,0,0,0,0,0,0,0,0,4,0,0,63,192,3,254,0,0,63,192,3,254,0,0,32,192,2,14,0,12,96,192,2,14,48,15,224,192,2,15,240,12,96,192,2,14,48,8,96,224,2,12,48,8,96,224,6,12,48,8,96,224,6,12,48,8,96,224,6,12,48,8,96,224,6,12,56,120,96,255,254,12,63,248,97,255,254,12,63,200,97,192,6,12,51,200,97,192,6,12,51,216,97,192,6,12,51,216,97,192,6,12,51,248,97,255,254,12,63,120,97,255,254,12,63,8,96,224,6,12,56,8,96,224,6,12,56,8,96,224,6,12,48,8,96,224,6,12,48,8,96,192,6,12,48,12,96,192,2,14,48,15,224,192,2,15,240,15,224,192,2,14,48,0,96,192,2,14,0,0,63,192,3,14,0,0,127,192,3,254,0,0,32,0,0,4,0,0,0,0,0,0,0,0,0,0,0,0,0,0,0,0,0,0,0,0,0,0,0,0,0,0,0,0,0,0,0,0,0,0,0,0,0,0,0,0,0,0,0,0,0,0,0,0,0},
  {0,0,0,0,0,0,0,0,0,0,0,0,0,0,0,0,0,0,0,0,0,0,0,0,0,0,0,0,0,0,0,0,0,0,0,0,0,0,0,0,0,0,0,0,0,0,0,0,0,32,128,1,4,0,0,127,192,3,254,0,0,127,192,3,254,0,0,195,64,6,26,0,12,195,96,6,27,48,31,195,96,6,31,240,24,195,96,4,30,120,24,195,96,4,60,120,24,131,96,12,60,120,24,130,96,12,60,120,16,134,32,12,60,120,17,134,32,12,56,120,113,134,127,252,56,126,241,135,255,252,56,127,113,135,128,12,56,119,209,135,128,12,56,119,241,135,128,12,56,247,241,135,192,12,56,119,241,134,255,252,56,127,113,134,127,252,56,126,17,134,32,12,56,88,25,134,32,12,60,120,24,130,96,12,60,120,24,131,96,12,60,120,24,195,96,12,60,120,25,195,96,6,62,120,31,195,96,6,31,240,15,195,96,6,27,32,0,195,64,6,27,0,0,127,192,3,30,0,0,127,192,3,254,0,0,32,128,0,4,0,0,0,0,0,0,0,0,0,0,0,0,0,0,0,0,0,0,0,0,0,0,0,0,0,0,0,0,0,0,0,0,0,0,0,0,0,0,0,0,0,0,0,0,0,0,0,0,0},
  {0,0,0,0,0,0,0,0,0,0,0,0,0,0,0,0,0,0,0,0,0,0,0,0,0,0,0,0,0,0,0,0,0,0,0,0,0,0,0,0,0,0,0,0,0,0,0,0,0,1,0,0,0,0,0,255,192,3,254,0,0,255,192,7,255,0,1,134,96,6,51,0,15,140,96,12,51,240,31,12,112,12,103,248,27,12,48,8,110,248,51,12,48,8,108,200,51,24,48,24,216,204,51,24,48,24,216,204,34,24,16,24,217,140,34,24,24,24,217,132,98,24,255,248,217,190,226,25,255,248,217,191,230,25,128,16,209,175,230,25,0,16,209,175,230,25,0,16,209,175,230,25,128,24,217,191,230,25,255,248,217,191,98,24,255,248,217,190,98,24,24,24,217,132,51,24,16,24,217,140,51,24,48,24,216,204,51,24,48,24,216,204,51,12,48,24,76,216,27,12,48,12,110,248,31,140,112,12,103,240,15,140,96,12,115,224,1,134,96,6,51,128,0,255,192,7,191,0,0,255,192,3,254,0,0,1,0,0,8,0,0,0,0,0,0,0,0,0,0,0,0,0,0,0,0,0,0,0,0,0,0,0,0,0,0,0,0,0,0,0,0,0,0,0,0,0,0,0,0,0,0,0,0,0,0,0,0,0},
  {0,0,0,0,0,0,0,0,0,0,0,0,0,0,0,0,0,0,0,0,0,0,0,0,0,0,0,0,0,0,0,0,0,0,0,0,0,0,0,0,0,0,0,0,0,0,0,0,0,2,0,0,136,0,0,255,128,3,255,0,1,255,192,7,255,128,3,28,96,14,97,128,15,24,112,12,225,240,30,48,48,24,199,248,62,48,48,25,143,248,102,48,24,17,141,204,100,96,24,49,153,142,108,96,24,49,153,134,108,96,24,51,19,6,76,96,24,51,51,6,204,96,255,227,51,63,204,99,255,227,51,63,204,99,0,99,51,127,204,99,0,99,51,123,204,99,0,99,51,107,204,99,0,99,51,127,204,99,255,243,51,63,204,97,255,243,51,63,108,96,24,51,51,6,108,96,24,51,19,6,108,96,24,51,25,134,100,96,24,49,153,142,118,48,24,17,141,140,62,48,48,25,143,248,30,48,48,24,199,248,15,24,112,12,193,224,3,28,96,12,97,192,1,255,192,7,255,128,0,255,128,3,255,0,0,66,0,0,136,0,0,0,0,0,0,0,0,0,0,0,0,0,0,0,0,0,0,0,0,0,0,0,0,0,0,0,0,0,0,0,0,0,0,0,0,0,0,0,0,0,0,0,0,0,0,0,0,0},
  {0,0,0,0,0,0,0,0,0,0,0,0,0,0,0,0,0,0,0,0,0,0,0,0,0,0,0,0,0,0,0,0,0,0,0,0,0,0,0,0,0,0,0,0,0,0,0,0,0,2,0,0,136,0,1,255,128,3,255,0,3,255,192,7,255,128,3,24,96,12,225,192,14,48,48,12,193,240,30,48,48,25,135,248,60,96,24,17,143,252,44,96,24,51,13,140,108,96,24,51,25,134,72,192,24,35,19,6,72,192,12,99,51,6,216,192,12,102,51,3,216,193,255,230,54,63,216,195,255,230,54,63,216,195,0,102,38,111,216,198,0,102,38,123,216,198,0,102,38,123,216,195,0,102,54,123,216,195,255,230,54,63,216,193,255,230,54,63,216,192,12,102,54,3,216,192,12,102,51,6,108,192,24,51,19,6,108,96,24,51,27,134,108,96,24,51,9,140,60,96,24,17,143,252,30,48,48,25,135,248,14,48,48,24,193,224,3,24,96,12,225,192,1,255,192,7,255,128,1,255,128,3,255,0,0,66,0,0,140,0,0,0,0,0,0,0,0,0,0,0,0,0,0,0,0,0,0,0,0,0,0,0,0,0,0,0,0,0,0,0,0,0,0,0,0,0,0,0,0,0,0,0,0,0,0,0,0,0},
  {0,0,0,0,0,0,0,0,0,0,0,0,0,0,0,0,0,0,0,0,0,0,0,0,0,0,0,0,0,0,0,0,0,0,0,0,0,0,0,0,0,0,0,0,0,0,0,0,0,1,0,0,16,0,0,255,192,7,254,0,1,255,224,15,255,0,1,156,48,29,195,128,3,56,24,25,131,192,14,48,24,51,15,240,14,112,12,39,31,240,30,96,12,102,55,24,28,96,12,102,54,12,28,96,6,76,110,12,60,192,6,204,108,12,60,192,6,204,76,6,60,192,127,204,204,126,56,193,255,204,200,254,56,193,128,200,216,254,56,193,0,200,216,230,56,193,0,216,216,230,56,193,128,200,216,254,60,193,255,204,216,254,60,192,255,204,204,126,60,192,6,204,204,6,60,192,6,204,108,12,28,96,6,204,108,12,28,96,12,102,102,12,30,96,12,102,55,24,14,112,12,102,31,240,14,48,24,51,15,240,3,56,24,59,131,192,1,156,48,25,193,128,1,255,224,15,255,0,0,255,192,7,254,0,0,33,0,1,24,0,0,0,0,0,0,0,0,0,0,0,0,0,0,0,0,0,0,0,0,0,0,0,0,0,0,0,0,0,0,0,0,0,0,0,0,0,0,0,0,0,0,0,0,0,0,0,0,0},
  {0,0,0,0,0,0,0,0,0,0,0,0,0,0,0,0,0,0,0,0,0,0,0,0,0,0,0,0,0,0,0,0,0,0,0,0,0,0,0,0,0,0,0,0,0,0,0,0,0,4,128,2,64,0,0,63,240,31,248,0,0,127,252,63,252,0,0,238,14,110,6,0,1,220,7,220,31,0,3,184,3,248,255,128,3,176,3,177,255,192,7,112,3,113,240,192,7,96,3,99,224,96,6,96,2,98,192,96,14,96,6,198,192,48,14,192,6,199,128,48,14,192,62,197,135,144,14,192,126,205,143,216,12,192,198,205,143,120,12,192,198,205,142,120,12,192,198,205,142,120,14,192,198,205,143,120,14,192,254,205,143,216,14,192,62,205,135,152,14,192,6,199,128,48,14,96,6,198,192,48,6,96,3,103,192,112,7,96,3,99,224,96,7,112,3,97,224,224,3,176,3,176,255,192,3,184,3,184,255,128,1,220,7,248,31,0,0,238,14,126,7,0,0,127,252,63,254,0,0,63,240,31,248,0,0,4,192,2,64,0,0,0,0,0,0,0,0,0,0,0,0,0,0,0,0,0,0,0,0,0,0,0,0,0,0,0,0,0,0,0,0,0,0,0,0,0,0,0,0,0,0,0,0,0,0,0,0,0},
  {0,0,0,0,0,0,0,0,0,0,0,0,0,0,0,0,0,0,0,0,0,0,0,0,0,0,0,0,0,0,0,0,0,0,0,0,0,0,0,0,0,0,0,0,0,0,0,0,0,0,112,14,0,0,0,7,254,255,192,0,0,15,255,255,240,0,0,63,3,224,56,0,0,62,7,193,220,0,0,124,15,143,254,0,0,120,15,31,255,0,0,240,30,60,15,0,0,240,28,120,7,128,1,224,60,120,3,128,1,224,60,240,1,128,1,224,120,240,1,192,3,192,120,224,241,192,3,192,121,225,248,192,3,192,121,225,220,192,3,192,121,225,204,192,3,192,121,225,204,192,3,192,121,225,204,192,3,192,121,224,248,192,3,192,121,224,241,192,3,224,120,224,1,192,1,224,60,240,1,192,1,224,60,112,3,128,1,240,60,120,7,128,0,240,30,60,15,0,0,248,31,31,255,0,0,124,15,15,254,0,0,62,7,129,204,0,0,31,3,224,56,0,0,15,255,255,240,0,0,7,254,255,192,0,0,0,48,10,0,0,0,0,0,0,0,0,0,0,0,0,0,0,0,0,0,0,0,0,0,0,0,0,0,0,0,0,0,0,0,0,0,0,0,0,0,0,0,0,0,0,0,0,0,0,0,0,0,0},
  {0,0,0,0,0,0,0,0,0,0,0,0,0,0,0,0,0,0,0,0,0,0,0,0,0,0,0,0,0,0,0,0,0,0,0,0,0,0,0,0,0,0,0,0,0,0,0,0,0,0,12,112,0,0,0,0,255,255,0,0,0,3,255,255,192,0,0,7,254,0,224,0,0,15,124,28,112,0,0,30,112,255,152,0,0,60,225,255,204,0,0,121,231,128,238,0,0,113,199,0,54,0,0,115,142,0,31,0,0,227,156,0,31,0,0,227,156,0,15,0,0,231,24,30,15,0,1,231,56,63,7,128,1,199,56,59,135,128,1,199,56,49,135,128,1,199,56,49,135,128,1,199,56,57,135,128,1,231,56,63,7,128,0,231,56,30,15,128,0,231,156,0,15,0,0,227,156,0,31,0,0,243,142,0,31,0,0,113,199,0,54,0,0,121,199,128,254,0,0,60,227,255,204,0,0,30,112,255,152,0,0,15,56,28,112,0,0,7,254,0,224,0,0,3,255,255,192,0,0,0,255,255,0,0,0,0,12,112,0,0,0,0,0,0,0,0,0,0,0,0,0,0,0,0,0,0,0,0,0,0,0,0,0,0,0,0,0,0,0,0,0,0,0,0,0,0,0,0,0,0,0,0,0,0,0,0,0,0},
  {0,0,0,0,0,0,0,0,0,0,0,0,0,0,0,0,0,0,0,0,0,0,0,0,0,0,0,0,0,0,0,0,0,0,0,0,0,0,0,0,0,0,0,0,0,0,0,0,0,0,3,128,0,0,0,0,63,252,0,0,0,0,255,255,0,0,0,3,248,3,192,0,0,7,224,192,224,0,0,15,143,252,112,0,0,31,31,255,56,0,0,30,60,3,152,0,0,60,112,1,204,0,0,124,224,0,236,0,0,121,192,0,102,0,0,121,192,0,118,0,0,249,128,224,54,0,0,243,129,240,51,0,0,243,131,152,51,0,0,243,3,24,51,0,0,243,3,24,51,0,0,243,131,152,51,0,0,243,131,240,51,0,0,121,128,224,54,0,0,121,128,0,118,0,0,121,192,0,102,0,0,124,224,0,236,0,0,60,112,1,204,0,0,62,56,3,152,0,0,31,31,255,56,0,0,15,143,252,112,0,0,7,224,192,224,0,0,3,248,3,192,0,0,0,255,255,0,0,0,0,63,252,0,0,0,0,3,192,0,0,0,0,0,0,0,0,0,0,0,0,0,0,0,0,0,0,0,0,0,0,0,0,0,0,0,0,0,0,0,0,0,0,0,0,0,0,0,0,0,0,0,0,0,0,0,0,0,0},
  {0,0,0,0,0,0,0,0,0,0,0,0,0,0,0,0,0,0,0,0,0,0,0,0,0,0,0,0,0,0,0,0,0,0,0,0,0,0,0,0,0,0,0,0,0,0,0,0,0,0,1,192,0,0,0,0,31,252,0,0,0,0,127,255,0,0,0,1,224,15,128,0,0,3,129,131,224,0,0,7,15,248,240,0,0,12,127,254,112,0,0,28,240,15,56,0,0,25,192,7,156,0,0,49,128,1,220,0,0,51,0,1,206,0,0,103,0,0,238,0,0,102,3,192,102,0,0,102,7,224,102,0,0,102,6,112,103,0,0,100,12,48,119,0,0,100,12,48,119,0,0,102,6,112,103,0,0,102,7,224,102,0,0,102,3,192,102,0,0,103,0,0,238,0,0,51,0,0,206,0,0,51,128,1,220,0,0,25,192,3,156,0,0,28,240,15,56,0,0,12,127,254,112,0,0,7,31,248,240,0,0,3,129,131,224,0,0,1,224,15,128,0,0,0,127,255,0,0,0,0,31,252,0,0,0,0,1,192,0,0,0,0,0,0,0,0,0,0,0,0,0,0,0,0,0,0,0,0,0,0,0,0,0,0,0,0,0,0,0,0,0,0,0,0,0,0,0,0,0,0,0,0,0,0,0,0,0,0},
  {0,0,0,0,0,0,0,0,0,0,0,0,0,0,0,0,0,0,0,0,0,0,0,0,0,0,0,0,0,0,0,0,0,0,0,0,0,0,0,0,0,0,0,0,0,0,0,0,0,0,1,192,0,0,0,0,63,252,0,0,0,0,255,255,0,0,0,3,192,31,192,0,0,7,3,7,224,0,0,14,63,241,240,0,0,28,255,248,248,0,0,25,224,60,120,0,0,51,128,14,60,0,0,51,0,7,60,0,0,102,0,3,158,0,0,110,0,1,158,0,0,108,7,1,158,0,0,204,15,129,207,0,0,204,25,193,207,0,0,204,24,192,207,0,0,204,24,192,207,0,0,204,25,192,207,0,0,204,15,129,207,0,0,108,7,1,159,0,0,110,0,1,158,0,0,102,0,3,158,0,0,55,0,7,62,0,0,51,128,14,60,0,0,25,192,60,120,0,0,28,255,248,248,0,0,14,63,241,240,0,0,7,3,7,224,0,0,3,192,31,192,0,0,0,255,255,0,0,0,0,63,252,0,0,0,0,3,192,0,0,0,0,0,0,0,0,0,0,0,0,0,0,0,0,0,0,0,0,0,0,0,0,0,0,0,0,0,0,0,0,0,0,0,0,0,0,0,0,0,0,0,0,0,0,0,0,0,0},
  {0,0,0,0,0,0,0,0,0,0,0,0,0,0,0,0,0,0,0,0,0,0,0,0,0,0,0,0,0,0,0,0,0,0,0,0,0,0,0,0,0,0,0,0,0,0,0,0,0,0,4,48,0,0,0,0,255,255,0,0,0,3,255,255,192,0,0,7,0,127,224,0,0,14,56,60,240,0,0,25,255,14,120,0,0,51,255,135,60,0,0,119,1,199,156,0,0,108,0,227,142,0,0,248,0,113,206,0,0,216,0,57,199,0,0,240,0,57,199,0,0,240,120,24,231,0,1,240,252,28,231,128,1,225,220,28,227,128,1,225,140,28,227,128,1,225,140,28,227,128,1,225,156,28,227,128,1,224,252,28,231,128,1,240,112,24,231,0,0,240,0,57,199,0,0,248,0,57,199,0,0,248,0,113,206,0,0,108,0,227,142,0,0,119,1,227,158,0,0,51,255,135,60,0,0,25,255,14,120,0,0,14,56,30,240,0,0,7,0,127,224,0,0,3,255,255,192,0,0,0,255,255,0,0,0,0,14,48,0,0,0,0,0,0,0,0,0,0,0,0,0,0,0,0,0,0,0,0,0,0,0,0,0,0,0,0,0,0,0,0,0,0,0,0,0,0,0,0,0,0,0,0,0,0,0,0,0,0},
  {0,0,0,0,0,0,0,0,0,0,0,0,0,0,0,0,0,0,0,0,0,0,0,0,0,0,0,0,0,0,0,0,0,0,0,0,0,0,0,0,0,0,0,0,0,0,0,0,0,0,48,4,0,0,0,3,254,127,224,0,0,15,255,255,240,0,0,28,7,192,248,0,0,59,195,224,126,0,0,127,241,240,63,0,0,255,248,240,31,0,0,240,124,120,15,128,1,224,30,56,15,128,1,192,30,60,7,128,1,128,15,60,7,192,3,128,15,30,7,192,3,143,7,158,3,192,3,159,135,158,3,192,3,59,135,158,3,192,3,51,135,158,3,192,3,51,135,158,3,192,3,51,135,158,3,192,3,31,135,158,3,192,3,142,7,30,3,192,3,128,15,30,7,192,3,128,15,60,7,192,1,192,30,60,7,128,1,224,30,56,15,128,0,240,60,120,15,128,0,255,248,240,31,0,0,127,240,240,63,0,0,51,129,224,126,0,0,28,7,192,252,0,0,15,255,255,240,0,0,3,255,127,224,0,0,0,88,13,0,0,0,0,0,0,0,0,0,0,0,0,0,0,0,0,0,0,0,0,0,0,0,0,0,0,0,0,0,0,0,0,0,0,0,0,0,0,0,0,0,0,0,0,0,0,0,0,0,0},
  {0,0,0,0,0,0,0,0,0,0,0,0,0,0,0,0,0,0,0,0,0,0,0,0,0,0,0,0,0,0,0,0,0,0,0,0,0,0,0,0,0,0,0,0,0,0,0,0,0,0,64,1,32,0,0,31,248,15,252,0,0,63,252,63,254,0,0,96,126,112,119,0,0,252,59,96,59,128,1,254,29,192,29,128,3,255,13,192,13,192,3,15,142,192,14,224,6,6,198,192,6,224,6,3,70,192,6,96,12,3,99,96,6,112,12,3,99,96,3,112,13,225,179,124,3,112,15,241,179,126,3,112,30,241,179,99,3,112,30,113,179,99,3,48,30,113,179,99,3,48,30,241,179,99,3,48,15,241,179,127,3,112,13,193,163,124,3,112,12,3,227,96,3,112,12,3,99,96,6,96,6,3,70,64,6,96,6,6,198,192,6,224,3,15,134,192,14,192,1,255,141,192,13,192,1,255,31,192,29,192,0,252,31,224,59,128,0,224,126,112,127,0,0,127,252,63,254,0,0,31,248,15,252,0,0,2,64,3,32,0,0,0,0,0,0,0,0,0,0,0,0,0,0,0,0,0,0,0,0,0,0,0,0,0,0,0,0,0,0,0,0,0,0,0,0,0,0,0,0,0,0,0,0,0,0,0,0,0},
  {0,0,0,0,0,0,0,0,0,0,0,0,0,0,0,0,0,0,0,0,0,0,0,0,0,0,0,0,0,0,0,0,0,0,0,0,0,0,0,0,0,0,0,0,0,0,0,0,0,8,0,0,0,0,0,127,224,3,255,0,0,255,240,7,255,128,1,195,184,12,57,128,3,193,152,24,28,192,15,240,204,24,12,224,15,248,228,48,14,112,24,204,102,48,6,112,56,100,102,48,6,48,48,102,50,96,6,56,48,54,51,96,3,56,96,50,51,96,3,56,126,51,51,254,3,60,127,51,51,255,131,60,127,51,19,1,131,28,103,51,19,0,131,28,103,51,27,0,131,28,127,51,19,1,131,28,127,51,51,255,131,28,126,51,51,254,3,60,96,50,51,96,3,60,48,54,51,96,3,56,48,102,50,96,6,56,56,100,102,48,6,56,24,236,102,48,6,112,15,248,100,48,14,112,7,240,204,24,12,96,3,193,220,24,28,192,1,131,184,12,57,128,0,255,240,7,255,128,0,127,224,3,255,0,0,8,128,0,132,0,0,0,0,0,0,0,0,0,0,0,0,0,0,0,0,0,0,0,0,0,0,0,0,0,0,0,0,0,0,0,0,0,0,0,0,0,0,0,0,0,0,0,0,0,0,0,0,0},
  {0,0,0,0,0,0,0,0,0,0,0,0,0,0,0,0,0,0,0,0,0,0,0,0,0,0,0,0,0,0,0,0,0,0,0,0,0,0,0,0,0,0,0,0,0,0,0,0,0,1,0,0,64,0,0,255,192,1,255,0,1,255,224,3,255,128,3,135,48,6,24,192,7,131,48,12,12,96,31,225,152,12,12,120,63,241,136,24,6,56,51,176,204,24,6,60,113,152,204,24,6,54,97,152,204,24,3,54,96,204,198,48,3,30,96,204,102,48,3,27,248,204,103,255,131,27,252,204,103,255,195,27,254,204,102,0,195,27,222,100,102,0,99,27,222,100,102,0,99,27,252,68,102,0,195,27,252,204,103,255,195,27,248,204,103,255,131,27,192,204,102,48,3,27,96,204,102,48,3,18,96,200,196,24,3,22,97,152,204,24,6,54,49,144,204,24,6,60,27,241,136,24,6,60,15,225,152,12,12,120,7,131,56,12,12,112,3,135,48,6,24,192,1,255,224,3,255,192,0,255,192,1,255,128,0,17,0,0,66,0,0,0,0,0,0,0,0,0,0,0,0,0,0,0,0,0,0,0,0,0,0,0,0,0,0,0,0,0,0,0,0,0,0,0,0,0,0,0,0,0,0,0,0,0,0,0,0,0},
  {0,0,0,0,0,0,0,0,0,0,0,0,0,0,0,0,0,0,0,0,0,0,0,0,0,0,0,0,0,0,0,0,0,0,0,0,0,0,0,0,0,0,0,0,0,0,0,0,0,17,0,0,64,0,0,255,192,1,255,0,1,255,224,3,255,128,3,134,48,6,24,192,7,131,48,12,28,96,31,227,152,12,12,120,31,241,152,12,12,120,51,177,140,24,6,60,49,153,204,24,6,54,97,152,204,24,6,54,96,204,196,48,2,54,96,204,198,48,3,19,120,204,199,255,131,19,252,204,71,255,195,19,222,204,102,0,195,27,222,204,102,0,67,27,222,196,102,0,67,27,220,204,102,0,195,27,252,204,71,255,195,19,120,204,199,255,131,19,96,204,196,48,3,18,96,200,196,48,2,22,97,136,204,24,6,54,49,152,204,24,6,54,51,177,136,24,6,60,27,241,136,12,12,56,31,225,152,12,12,120,7,131,48,14,28,112,3,135,112,6,24,192,1,255,224,3,255,128,0,255,192,1,255,0,0,17,0,0,66,0,0,0,0,0,0,0,0,0,0,0,0,0,0,0,0,0,0,0,0,0,0,0,0,0,0,0,0,0,0,0,0,0,0,0,0,0,0,0,0,0,0,0,0,0,0,0,0,0},
  {0,0,0,0,0,0,0,0,0,0,0,0,0,0,0,0,0,0,0,0,0,0,0,0,0,0,0,0,0,0,0,0,0,0,0,0,0,0,0,0,0,0,0,0,0,0,0,0,0,17,0,0,128,0,0,127,192,1,255,0,0,255,224,3,255,128,1,142,48,6,48,192,3,134,48,6,24,224,31,227,24,12,24,120,31,243,24,12,12,120,51,49,152,12,12,108,49,153,136,24,12,108,49,153,140,24,12,102,97,153,140,24,6,54,97,140,140,24,6,54,120,204,207,255,6,54,252,204,207,255,134,55,246,204,204,0,198,55,246,204,204,0,198,51,244,204,196,0,198,51,244,204,204,0,198,55,252,204,207,255,198,55,120,204,207,255,134,55,96,204,140,24,6,54,97,137,140,24,6,54,49,153,140,24,12,38,49,153,136,24,12,100,51,49,152,12,12,108,31,115,24,12,12,120,31,227,24,12,24,120,3,135,48,6,24,240,1,134,112,6,49,192,1,255,224,3,255,128,0,255,192,1,255,0,0,17,0,0,130,0,0,0,0,0,0,0,0,0,0,0,0,0,0,0,0,0,0,0,0,0,0,0,0,0,0,0,0,0,0,0,0,0,0,0,0,0,0,0,0,0,0,0,0,0,0,0,0,0},
  {0,0,0,0,0,0,0,0,0,0,0,0,0,0,0,0,0,0,0,0,0,0,0,0,0,0,0,0,0,0,0,0,0,0,0,0,0,0,0,0,0,0,0,0,0,0,0,0,0,0,0,0,0,0,0,127,192,1,255,0,0,255,224,3,255,0,1,204,96,6,97,128,1,206,48,6,49,224,15,230,48,12,48,248,31,118,16,12,16,248,27,51,24,12,24,204,51,27,24,12,24,204,51,27,24,12,24,76,49,155,24,24,24,110,49,155,24,24,24,102,121,155,15,255,24,102,253,137,31,255,136,102,237,137,140,0,136,103,253,137,140,0,204,103,245,137,136,0,204,103,253,137,136,1,200,103,253,137,31,255,136,103,121,137,31,255,24,102,49,155,8,24,24,102,49,155,24,24,24,100,51,27,24,12,24,76,51,19,24,12,24,204,27,51,24,12,24,204,31,114,16,12,16,248,15,230,48,12,48,248,1,198,48,6,48,240,1,140,96,6,97,128,0,253,224,3,255,0,0,127,192,1,255,0,0,16,0,0,132,0,0,0,0,0,0,0,0,0,0,0,0,0,0,0,0,0,0,0,0,0,0,0,0,0,0,0,0,0,0,0,0,0,0,0,0,0,0,0,0,0,0,0,0,0,0,0,0,0},
  {0,0,0,0,0,0,0,0,0,0,0,0,0,0,0,0,0,0,0,0,0,0,0,0,0,0,0,0,0,0,0,0,0,0,0,0,0,0,0,0,0,0,0,0,0,0,0,0,0,0,128,0,132,0,0,127,192,3,254,0,0,255,224,3,255,0,0,216,96,6,195,0,1,204,112,6,97,160,15,236,48,6,97,240,30,124,48,6,97,184,30,60,48,12,97,152,27,62,48,12,33,140,19,30,48,12,49,140,19,30,16,12,48,140,51,30,16,12,48,140,123,30,31,255,48,206,255,30,31,255,176,207,239,30,24,1,176,207,239,30,24,1,176,207,239,30,24,1,176,207,239,30,24,1,176,207,255,30,31,255,176,207,123,30,31,255,48,206,51,30,16,12,48,140,51,30,16,12,48,140,59,30,16,12,48,140,27,30,48,12,33,136,26,54,48,12,97,152,30,60,48,6,97,184,15,236,48,6,97,240,1,204,32,6,97,240,0,216,96,6,193,0,0,253,224,3,255,0,0,127,192,3,254,0,0,0,0,0,4,0,0,0,0,0,0,0,0,0,0,0,0,0,0,0,0,0,0,0,0,0,0,0,0,0,0,0,0,0,0,0,0,0,0,0,0,0,0,0,0,0,0,0,0,0,0,0,0,0},
  {0,0,0,0,0,0,0,0,0,0,0,0,0,0,0,0,0,0,0,0,0,0,0,0,0,0,0,0,0,0,0,0,0,0,0,0,0,0,0,0,0,0,0,0,0,0,0,0,0,0,0,0,4,0,0,127,192,3,254,0,0,127,192,3,254,0,0,88,96,3,130,0,0,216,96,6,195,32,15,248,96,6,195,240,14,120,96,6,195,48,78,56,96,6,195,24,94,56,32,6,195,24,94,60,48,6,195,24,94,60,48,6,195,24,222,60,48,6,193,24,254,28,63,255,193,30,254,28,63,255,193,31,206,28,48,1,193,11,206,28,48,1,193,11,206,28,48,1,193,11,206,28,48,3,193,11,254,28,63,255,193,31,254,28,63,254,193,30,30,60,48,6,193,24,30,60,48,6,193,24,30,60,48,6,195,24,30,60,32,6,195,24,30,56,32,6,195,24,14,120,96,6,195,48,15,248,96,6,195,240,0,216,96,6,195,240,0,88,96,3,130,0,0,120,192,3,254,0,0,127,192,3,254,0,0,0,128,1,4,0,0,0,0,0,0,0,0,0,0,0,0,0,0,0,0,0,0,0,0,0,0,0,0,0,0,0,0,0,0,0,0,0,0,0,0,0,0,0,0,0,0,0,0,0,0,0,0,0},
  {0,0,0,0,0,0,0,0,0,0,0,0,0,0,0,0,0,0,0,0,0,0,0,0,0,0,0,0,0,0,0,0,0,0,0,0,0,0,0,0,0,0,0,0,0,0,0,0,0,0,0,1,4,0,0,127,192,3,254,0,0,127,192,3,254,0,0,112,64,3,134,0,4,112,64,3,134,32,15,240,96,7,135,240,12,112,96,7,134,48,12,48,96,7,134,16,12,48,96,7,134,16,12,48,96,7,134,24,12,56,96,7,134,24,12,56,96,7,130,24,252,56,127,255,130,30,252,56,127,255,130,31,206,56,96,3,130,27,206,56,96,3,130,27,206,56,96,3,130,27,206,56,96,3,130,27,252,56,127,255,130,31,252,56,127,255,130,30,28,56,96,7,130,24,28,56,96,7,130,24,12,48,96,7,134,16,12,48,96,7,134,16,12,48,96,7,134,16,12,112,96,7,134,48,15,240,96,7,135,240,4,240,64,3,135,240,0,112,64,3,6,0,0,120,192,3,254,0,0,127,192,3,254,0,0,32,128,1,0,0,0,0,0,0,0,0,0,0,0,0,0,0,0,0,0,0,0,0,0,0,0,0,0,0,0,0,0,0,0,0,0,0,0,0,0,0,0,0,0,0,0,0,0,0,0,0,0,0},
  {0,0,0,0,0,0,0,0,0,0,0,0,0,0,0,0,0,0,0,0,0,0,0,0,0,0,0,0,0,0,0,0,0,0,0,0,0,0,0,0,0,0,0,0,0,0,0,0,0,0,0,0,4,0,0,127,192,3,252,0,0,63,192,3,252,0,0,48,192,3,4,0,4,112,192,3,6,32,15,240,192,3,7,240,12,112,64,3,6,48,12,48,64,3,4,48,12,48,64,3,6,48,12,48,64,3,6,48,12,48,64,3,6,48,12,48,64,3,6,48,252,48,127,255,6,62,252,48,127,255,6,63,204,48,64,3,6,51,204,48,64,3,6,51,204,48,64,3,6,51,204,48,96,3,6,51,252,48,127,255,6,63,124,48,255,255,6,62,12,48,64,3,6,48,12,48,64,3,6,48,12,48,64,3,6,48,12,48,64,3,4,48,12,48,64,3,4,48,12,112,64,3,6,48,15,240,64,3,7,240,0,112,192,3,7,240,0,48,192,3,4,0,0,48,192,3,252,0,0,127,192,3,252,0,0,0,0,0,0,0,0,0,0,0,0,0,0,0,0,0,0,0,0,0,0,0,0,0,0,0,0,0,0,0,0,0,0,0,0,0,0,0,0,0,0,0,0,0,0,0,0,0,0,0,0,0,0,0}
};

void setup() {
  display.begin(SSD1306_SWITCHCAPVCC, SCREEN_I2C_ADDR);
}

int frame = 0;
void loop() {
  display.clearDisplay();
  display.drawBitmap(40, 8, frames[frame], FRAME_WIDTH, FRAME_HEIGHT, 1);
  display.display();
  frame = (frame + 1) % FRAME_COUNT;
  delay(FRAME_DELAY);
}