#include <Adafruit_GFX.h>
#include <Adafruit_SSD1306.h>

#define SCREEN_I2C_ADDR 0x3D // or 0x3C
#define SCREEN_WIDTH 128     // OLED display width, in pixels
#define SCREEN_HEIGHT 64     // OLED display height, in pixels
#define OLED_RST_PIN -1      // Reset pin (-1 if not available)

Adafruit_SSD1306 display(128, 64, &Wire, OLED_RST_PIN);

// OLED Animation: folder with file
// Code auto-generated by https://wokwi.com/animator, graphics by icons8.com

#define FRAME_DELAY (42)
#define FRAME_WIDTH (48)
#define FRAME_HEIGHT (48)
#define FRAME_COUNT (sizeof(frames) / sizeof(frames[0]))
const byte PROGMEM frames[][288] = {
  {0,0,0,0,0,0,0,0,0,0,0,0,0,0,0,0,0,0,0,0,0,0,0,0,15,255,0,0,0,0,31,255,0,0,0,0,24,1,128,0,0,0,24,0,192,0,0,0,24,0,127,255,255,240,24,0,63,255,255,248,24,0,0,0,0,24,24,0,0,0,0,24,24,0,0,0,0,24,31,255,255,255,255,248,28,0,0,0,0,56,24,0,0,0,0,24,24,0,0,0,0,24,24,0,0,0,0,24,24,0,0,0,0,24,24,0,0,0,0,24,24,0,0,0,0,24,24,0,0,0,0,24,24,0,0,0,0,24,24,0,0,0,0,24,24,0,0,0,0,24,24,0,0,0,0,24,24,0,0,0,0,24,24,0,0,0,0,24,24,0,0,0,0,24,24,0,0,0,0,24,24,0,0,0,0,24,24,0,0,0,0,24,24,0,0,0,0,24,24,0,0,0,0,24,24,0,0,0,0,24,24,0,0,0,0,24,24,0,0,0,0,24,24,0,0,0,0,24,24,0,0,0,0,24,24,0,0,0,0,24,24,0,0,0,0,24,24,0,0,0,0,24,31,255,255,255,255,248,31,255,255,255,255,248,0,0,0,0,0,0,0,0,0,0,0,0,0,0,0,0,0,0,0,0,0,0,0,0},
  {0,0,0,0,0,0,0,0,0,0,0,0,0,0,0,0,0,0,0,0,0,0,0,0,15,255,0,0,0,0,31,255,0,0,0,0,24,1,128,0,0,0,24,0,192,0,0,0,24,0,127,255,255,240,24,0,63,255,255,248,24,0,0,0,0,24,24,0,0,0,0,24,24,0,0,0,0,24,31,255,255,255,255,248,28,0,0,0,0,56,24,0,0,0,0,24,24,0,0,0,0,24,24,0,0,0,0,24,24,0,0,0,0,24,24,0,0,0,0,24,24,0,0,0,0,24,24,0,0,0,0,24,24,0,0,0,0,24,24,0,0,0,0,24,24,0,0,0,0,24,24,0,0,0,0,24,24,0,0,0,0,24,24,0,0,0,0,24,24,0,0,0,0,24,24,0,0,0,0,24,24,0,0,0,0,24,24,0,0,0,0,24,24,0,0,0,0,24,24,0,0,0,0,24,24,0,0,0,0,24,24,0,0,0,0,24,24,0,0,0,0,24,24,0,0,0,0,24,24,0,0,0,0,24,24,0,0,0,0,24,24,0,0,0,0,24,24,0,0,0,0,24,31,255,255,255,255,248,31,255,255,255,255,248,0,0,0,0,0,0,0,0,0,0,0,0,0,0,0,0,0,0,0,0,0,0,0,0},
  {0,0,0,0,0,0,0,0,0,0,0,0,0,0,0,0,0,0,0,0,0,0,0,0,15,255,0,0,0,0,31,255,0,0,0,0,24,1,128,0,0,0,24,0,192,0,0,0,24,0,127,255,255,240,24,0,63,255,255,248,24,0,0,0,0,24,24,0,0,0,0,24,24,0,0,0,0,24,31,255,255,255,255,248,28,0,0,0,0,56,24,0,0,0,0,24,24,0,0,0,0,24,24,0,0,0,0,24,24,0,0,0,0,24,24,0,0,0,0,24,24,0,0,0,0,24,24,0,0,0,0,24,24,0,0,0,0,24,24,0,0,0,0,24,24,0,0,0,0,24,24,0,0,0,0,24,24,0,0,0,0,24,24,0,0,0,0,24,24,0,0,0,0,24,24,0,0,0,0,24,24,0,0,0,0,24,24,0,0,0,0,24,24,0,0,0,0,24,24,0,0,0,0,24,24,0,0,0,0,24,24,0,0,0,0,24,24,0,0,0,0,24,24,0,0,0,0,24,24,0,0,0,0,24,24,0,0,0,0,24,24,0,0,0,0,24,24,0,0,0,0,24,31,255,255,255,255,248,31,255,255,255,255,248,0,0,0,0,0,0,0,0,0,0,0,0,0,0,0,0,0,0,0,0,0,0,0,0},
  {0,0,0,0,0,0,0,0,0,0,0,0,0,0,0,0,0,0,0,0,0,0,0,0,15,255,0,0,0,0,31,255,0,0,0,0,24,1,128,0,0,0,24,0,192,0,0,0,24,0,127,255,255,240,24,0,63,255,255,248,24,0,0,0,0,24,24,0,0,0,0,24,24,0,0,0,0,24,31,255,255,255,255,248,28,0,0,0,0,56,24,0,0,0,0,24,24,0,0,0,0,24,24,0,0,0,0,24,24,0,0,0,0,24,24,0,0,0,0,24,24,0,0,0,0,24,24,0,0,0,0,24,24,0,0,0,0,24,24,0,0,0,0,24,24,0,0,0,0,24,24,0,0,0,0,24,24,0,0,0,0,24,24,0,0,0,0,24,24,0,0,0,0,24,24,0,0,0,0,24,24,0,0,0,0,24,24,0,0,0,0,24,24,0,0,0,0,24,24,0,0,0,0,24,24,0,0,0,0,24,24,0,0,0,0,24,24,0,0,0,0,24,24,0,0,0,0,24,24,0,0,0,0,24,24,0,0,0,0,24,24,0,0,0,0,24,24,0,0,0,0,24,31,255,255,255,255,248,31,255,255,255,255,248,0,0,0,0,0,0,0,0,0,0,0,0,0,0,0,0,0,0,0,0,0,0,0,0},
  {0,0,0,0,0,0,0,0,0,0,0,0,0,0,0,0,0,0,0,0,0,0,0,0,15,255,0,0,0,0,31,255,0,0,0,0,24,1,128,0,0,0,24,0,192,0,0,0,24,0,127,255,255,240,24,0,63,255,255,248,24,0,0,0,0,24,24,0,0,0,0,24,24,0,0,0,0,24,24,0,0,0,0,24,31,255,255,255,255,248,63,255,255,255,255,252,48,0,0,0,0,12,48,0,0,0,0,12,48,0,0,0,0,12,48,0,0,0,0,12,48,0,0,0,0,12,48,0,0,0,0,12,48,0,0,0,0,12,48,0,0,0,0,12,48,0,0,0,0,12,48,0,0,0,0,12,48,0,0,0,0,12,48,0,0,0,0,12,48,0,0,0,0,12,48,0,0,0,0,12,48,0,0,0,0,8,16,0,0,0,0,8,16,0,0,0,0,8,24,0,0,0,0,24,24,0,0,0,0,24,24,0,0,0,0,24,24,0,0,0,0,24,24,0,0,0,0,24,24,0,0,0,0,24,24,0,0,0,0,24,24,0,0,0,0,24,24,0,0,0,0,24,31,255,255,255,255,248,31,255,255,255,255,240,0,0,0,0,0,0,0,0,0,0,0,0,0,0,0,0,0,0,0,0,0,0,0,0},
  {0,0,0,0,0,0,0,0,0,0,0,0,0,0,0,0,0,0,0,0,0,0,0,0,15,255,0,0,0,0,31,255,0,0,0,0,24,1,128,0,0,0,24,0,192,0,0,0,24,0,127,255,255,240,24,0,63,255,255,248,24,0,0,0,0,24,24,0,0,0,0,24,24,0,0,0,0,24,24,0,0,0,0,24,24,0,0,0,0,24,24,0,0,0,0,24,24,0,0,0,0,24,63,255,255,255,255,252,127,255,255,255,255,254,96,0,0,0,0,6,96,0,0,0,0,6,96,0,0,0,0,6,96,0,0,0,0,6,96,0,0,0,0,6,96,0,0,0,0,6,96,0,0,0,0,6,32,0,0,0,0,4,32,0,0,0,0,4,48,0,0,0,0,12,48,0,0,0,0,12,48,0,0,0,0,12,48,0,0,0,0,12,48,0,0,0,0,12,48,0,0,0,0,12,48,0,0,0,0,12,48,0,0,0,0,12,48,0,0,0,0,12,48,0,0,0,0,12,16,0,0,0,0,8,24,0,0,0,0,24,24,0,0,0,0,24,24,0,0,0,0,24,31,255,255,255,255,248,31,255,255,255,255,240,0,0,0,0,0,0,0,0,0,0,0,0,0,0,0,0,0,0,0,0,0,0,0,0},
  {0,0,0,0,0,0,0,0,0,0,0,0,0,0,0,0,0,0,0,0,0,0,0,0,15,255,0,0,0,0,31,255,0,0,0,0,24,1,128,0,0,0,24,0,192,0,0,0,24,0,127,255,255,240,24,0,63,255,255,248,24,0,0,0,0,24,24,0,0,0,0,24,24,0,0,0,0,24,24,0,0,0,0,24,24,0,0,0,0,24,24,0,0,0,0,24,24,0,0,0,0,24,24,0,0,0,0,24,63,255,255,255,255,252,127,255,255,255,255,254,192,0,0,0,0,3,192,0,0,0,0,3,192,0,0,0,0,3,64,0,0,0,0,2,64,0,0,0,0,6,96,0,0,0,0,6,96,0,0,0,0,6,96,0,0,0,0,6,96,0,0,0,0,6,96,0,0,0,0,6,32,0,0,0,0,6,32,0,0,0,0,4,48,0,0,0,0,12,48,0,0,0,0,12,48,0,0,0,0,12,48,0,0,0,0,12,48,0,0,0,0,12,48,0,0,0,0,12,48,0,0,0,0,12,16,0,0,0,0,24,24,0,0,0,0,24,24,0,0,0,0,24,31,255,255,255,255,248,31,255,255,255,255,240,0,0,0,0,0,0,0,0,0,0,0,0,0,0,0,0,0,0,0,0,0,0,0,0},
  {0,0,0,0,0,0,0,0,0,0,0,0,0,0,0,0,0,0,0,0,0,0,0,0,15,255,0,0,0,0,31,255,0,0,0,0,24,1,128,0,0,0,24,0,192,0,0,0,24,0,127,255,255,240,24,0,63,255,255,248,24,0,0,0,0,24,24,0,0,0,0,24,24,0,0,0,0,24,24,0,0,0,0,24,24,0,0,0,0,24,24,0,0,0,0,24,24,0,0,0,0,24,24,0,0,0,0,24,63,255,255,255,255,252,127,255,255,255,255,254,192,0,0,0,0,3,192,0,0,0,0,3,192,0,0,0,0,3,64,0,0,0,0,2,64,0,0,0,0,6,96,0,0,0,0,6,96,0,0,0,0,6,96,0,0,0,0,6,96,0,0,0,0,6,96,0,0,0,0,6,32,0,0,0,0,6,32,0,0,0,0,4,48,0,0,0,0,12,48,0,0,0,0,12,48,0,0,0,0,12,48,0,0,0,0,12,48,0,0,0,0,12,48,0,0,0,0,12,48,0,0,0,0,12,16,0,0,0,0,24,24,0,0,0,0,24,24,0,0,0,0,24,31,255,255,255,255,248,31,255,255,255,255,240,0,0,0,0,0,0,0,0,0,0,0,0,0,0,0,0,0,0,0,0,0,0,0,0},
  {0,0,0,0,0,0,0,0,0,0,0,0,0,0,0,0,0,0,0,0,0,0,0,0,15,255,0,0,0,0,31,255,0,0,0,0,24,1,128,0,0,0,24,0,192,0,0,0,24,0,127,255,255,240,24,0,63,255,255,248,24,0,0,0,0,24,24,0,0,0,0,24,24,0,0,0,0,24,24,0,0,0,0,24,24,0,0,0,0,24,24,0,0,0,0,24,24,0,0,0,0,24,24,31,255,240,0,24,63,255,255,255,255,252,127,255,255,255,255,254,192,0,0,0,0,3,192,0,0,0,0,3,192,0,0,0,0,3,64,0,0,0,0,2,96,0,0,0,0,6,96,0,0,0,0,6,96,0,0,0,0,6,96,0,0,0,0,6,96,0,0,0,0,6,96,0,0,0,0,6,32,0,0,0,0,6,32,0,0,0,0,4,48,0,0,0,0,12,48,0,0,0,0,12,48,0,0,0,0,12,48,0,0,0,0,12,48,0,0,0,0,12,48,0,0,0,0,12,48,0,0,0,0,12,16,0,0,0,0,24,24,0,0,0,0,24,24,0,0,0,0,24,31,255,255,255,255,248,31,255,255,255,255,240,0,0,0,0,0,0,0,0,0,0,0,0,0,0,0,0,0,0,0,0,0,0,0,0},
  {0,0,0,0,0,0,0,0,0,0,0,0,0,0,0,0,0,0,0,0,0,0,0,0,15,255,0,0,0,0,31,255,0,0,0,0,24,1,128,0,0,0,24,0,192,0,0,0,24,0,127,255,255,240,24,0,63,255,255,248,24,31,255,224,0,24,24,31,255,240,0,24,24,24,0,56,0,24,24,16,0,60,0,24,24,16,0,54,0,24,24,16,0,51,0,24,24,16,0,49,128,24,24,56,0,49,224,24,127,255,255,255,255,254,255,255,255,255,255,254,192,0,0,0,0,3,192,0,0,0,0,3,64,0,0,0,0,2,64,0,0,0,0,6,96,0,0,0,0,6,96,0,0,0,0,6,96,0,0,0,0,6,96,0,0,0,0,6,96,0,0,0,0,6,96,0,0,0,0,6,32,0,0,0,0,4,32,0,0,0,0,12,48,0,0,0,0,12,48,0,0,0,0,12,48,0,0,0,0,12,48,0,0,0,0,12,48,0,0,0,0,12,48,0,0,0,0,12,48,0,0,0,0,12,16,0,0,0,0,24,24,0,0,0,0,24,24,0,0,0,0,24,31,255,255,255,255,248,31,255,255,255,255,240,0,0,0,0,0,0,0,0,0,0,0,0,0,0,0,0,0,0,0,0,0,0,0,0},
  {0,0,0,0,0,0,0,0,0,0,0,0,0,0,0,0,0,0,0,0,0,0,0,0,15,255,255,240,0,0,31,255,255,248,0,0,24,16,0,60,0,0,24,16,0,62,0,0,24,16,0,55,255,240,24,16,0,51,255,248,24,16,0,49,192,24,24,16,0,48,224,24,24,16,0,48,112,24,24,16,0,48,56,24,24,16,0,48,28,24,24,16,0,63,254,24,24,16,0,63,254,24,63,255,255,255,255,252,127,255,255,255,255,254,224,0,0,0,0,6,192,0,0,0,0,3,64,0,0,0,0,3,64,0,0,0,0,2,96,0,0,0,0,6,96,0,0,0,0,6,96,0,0,0,0,6,96,0,0,0,0,6,96,0,0,0,0,6,96,0,0,0,0,6,32,0,0,0,0,6,32,0,0,0,0,4,48,0,0,0,0,12,48,0,0,0,0,12,48,0,0,0,0,12,48,0,0,0,0,12,48,0,0,0,0,12,48,0,0,0,0,12,48,0,0,0,0,12,48,0,0,0,0,12,16,0,0,0,0,24,24,0,0,0,0,24,24,0,0,0,0,24,31,255,255,255,255,248,31,255,255,255,255,240,0,0,0,0,0,0,0,0,0,0,0,0,0,0,0,0,0,0,0,0,0,0,0,0},
  {0,0,0,0,0,0,0,31,255,240,0,0,0,31,255,248,0,0,0,16,0,60,0,0,15,240,0,62,0,0,31,240,0,55,0,0,24,16,0,51,128,0,24,16,0,49,192,0,24,16,0,48,255,240,24,16,0,48,127,248,24,16,0,48,56,24,24,16,0,48,28,24,24,16,0,63,254,24,24,16,0,63,254,24,24,16,0,0,6,24,24,16,0,0,2,24,24,16,0,0,2,24,63,255,255,255,255,252,127,255,255,255,255,254,224,0,0,0,0,6,192,0,0,0,0,3,64,0,0,0,0,2,64,0,0,0,0,6,96,0,0,0,0,6,96,0,0,0,0,6,96,0,0,0,0,6,96,0,0,0,0,6,96,0,0,0,0,6,96,0,0,0,0,6,32,0,0,0,0,6,32,0,0,0,0,4,48,0,0,0,0,12,48,0,0,0,0,12,48,0,0,0,0,12,48,0,0,0,0,12,48,0,0,0,0,12,48,0,0,0,0,12,48,0,0,0,0,12,48,0,0,0,0,12,16,0,0,0,0,24,24,0,0,0,0,24,24,0,0,0,0,24,31,255,255,255,255,248,31,255,255,255,255,240,0,0,0,0,0,0,0,0,0,0,0,0,0,0,0,0,0,0,0,0,0,0,0,0},
  {0,0,0,0,0,0,0,31,255,240,0,0,0,31,255,248,0,0,0,16,0,60,0,0,15,240,0,62,0,0,31,240,0,55,0,0,24,16,0,51,128,0,24,16,0,49,192,0,24,16,0,48,255,240,24,16,0,48,127,248,24,16,0,48,56,24,24,16,0,48,28,24,24,16,0,63,254,24,24,16,0,63,254,24,24,16,0,0,6,24,24,16,0,0,2,24,24,16,0,0,2,24,63,255,255,255,255,252,127,255,255,255,255,254,224,0,0,0,0,6,192,0,0,0,0,3,64,0,0,0,0,2,64,0,0,0,0,6,96,0,0,0,0,6,96,0,0,0,0,6,96,0,0,0,0,6,96,0,0,0,0,6,96,0,0,0,0,6,96,0,0,0,0,6,32,0,0,0,0,6,32,0,0,0,0,4,48,0,0,0,0,12,48,0,0,0,0,12,48,0,0,0,0,12,48,0,0,0,0,12,48,0,0,0,0,12,48,0,0,0,0,12,48,0,0,0,0,12,48,0,0,0,0,12,16,0,0,0,0,24,24,0,0,0,0,24,24,0,0,0,0,24,31,255,255,255,255,248,31,255,255,255,255,240,0,0,0,0,0,0,0,0,0,0,0,0,0,0,0,0,0,0,0,0,0,0,0,0},
  {0,0,0,0,0,0,0,31,255,240,0,0,0,31,255,248,0,0,0,16,0,60,0,0,15,240,0,62,0,0,31,240,0,55,0,0,24,16,0,51,128,0,24,16,0,49,192,0,24,16,0,48,255,240,24,16,0,48,127,248,24,16,0,48,56,24,24,16,0,48,28,24,24,16,0,63,254,24,24,16,0,63,254,24,24,16,0,0,6,24,24,16,0,0,2,24,24,16,0,0,2,24,63,255,255,255,255,252,127,255,255,255,255,254,224,0,0,0,0,6,192,0,0,0,0,3,64,0,0,0,0,2,64,0,0,0,0,6,96,0,0,0,0,6,96,0,0,0,0,6,96,0,0,0,0,6,96,0,0,0,0,6,96,0,0,0,0,6,96,0,0,0,0,6,32,0,0,0,0,6,32,0,0,0,0,4,48,0,0,0,0,12,48,0,0,0,0,12,48,0,0,0,0,12,48,0,0,0,0,12,48,0,0,0,0,12,48,0,0,0,0,12,48,0,0,0,0,12,48,0,0,0,0,12,16,0,0,0,0,24,24,0,0,0,0,24,24,0,0,0,0,24,31,255,255,255,255,248,31,255,255,255,255,240,0,0,0,0,0,0,0,0,0,0,0,0,0,0,0,0,0,0,0,0,0,0,0,0},
  {0,0,0,0,0,0,0,31,255,240,0,0,0,31,255,248,0,0,0,16,0,60,0,0,15,240,0,62,0,0,31,240,0,55,0,0,24,16,0,51,128,0,24,16,0,49,192,0,24,16,0,48,255,240,24,16,0,48,127,248,24,16,0,48,56,24,24,16,0,48,28,24,24,16,0,63,254,24,24,16,0,63,254,24,24,16,0,0,6,24,24,16,0,0,2,24,24,16,0,0,2,24,63,255,255,255,255,252,127,255,255,255,255,254,224,0,0,0,0,6,192,0,0,0,0,3,64,0,0,0,0,2,64,0,0,0,0,6,96,0,0,0,0,6,96,0,0,0,0,6,96,0,0,0,0,6,96,0,0,0,0,6,96,0,0,0,0,6,96,0,0,0,0,6,32,0,0,0,0,6,32,0,0,0,0,4,48,0,0,0,0,12,48,0,0,0,0,12,48,0,0,0,0,12,48,0,0,0,0,12,48,0,0,0,0,12,48,0,0,0,0,12,48,0,0,0,0,12,48,0,0,0,0,12,16,0,0,0,0,24,24,0,0,0,0,24,24,0,0,0,0,24,31,255,255,255,255,248,31,255,255,255,255,240,0,0,0,0,0,0,0,0,0,0,0,0,0,0,0,0,0,0,0,0,0,0,0,0},
  {0,0,0,0,0,0,0,31,255,240,0,0,0,31,255,248,0,0,0,16,0,60,0,0,15,240,0,62,0,0,31,240,0,55,0,0,24,16,0,51,128,0,24,16,0,49,192,0,24,16,0,48,255,240,24,16,0,48,127,248,24,16,0,48,56,24,24,16,0,48,28,24,24,16,0,63,254,24,24,16,0,63,254,24,24,16,0,0,6,24,24,16,0,0,2,24,24,16,0,0,2,24,63,255,255,255,255,252,127,255,255,255,255,254,224,0,0,0,0,6,192,0,0,0,0,3,64,0,0,0,0,2,64,0,0,0,0,6,96,0,0,0,0,6,96,0,0,0,0,6,96,0,0,0,0,6,96,0,0,0,0,6,96,0,0,0,0,6,96,0,0,0,0,6,32,0,0,0,0,6,32,0,0,0,0,4,48,0,0,0,0,12,48,0,0,0,0,12,48,0,0,0,0,12,48,0,0,0,0,12,48,0,0,0,0,12,48,0,0,0,0,12,48,0,0,0,0,12,48,0,0,0,0,12,16,0,0,0,0,24,24,0,0,0,0,24,24,0,0,0,0,24,31,255,255,255,255,248,31,255,255,255,255,240,0,0,0,0,0,0,0,0,0,0,0,0,0,0,0,0,0,0,0,0,0,0,0,0},
  {0,0,0,0,0,0,0,31,255,240,0,0,0,31,255,248,0,0,0,16,0,60,0,0,15,240,0,62,0,0,31,240,0,55,0,0,24,16,0,51,128,0,24,16,0,49,192,0,24,16,0,48,255,240,24,16,0,48,127,248,24,16,0,48,56,24,24,16,0,48,28,24,24,16,0,63,254,24,24,16,0,63,254,24,24,16,0,0,6,24,24,16,0,0,2,24,24,16,0,0,2,24,63,255,255,255,255,252,127,255,255,255,255,254,224,0,0,0,0,6,192,0,0,0,0,3,64,0,0,0,0,2,64,0,0,0,0,6,96,0,0,0,0,6,96,0,0,0,0,6,96,0,0,0,0,6,96,0,0,0,0,6,96,0,0,0,0,6,96,0,0,0,0,6,32,0,0,0,0,6,32,0,0,0,0,4,48,0,0,0,0,12,48,0,0,0,0,12,48,0,0,0,0,12,48,0,0,0,0,12,48,0,0,0,0,12,48,0,0,0,0,12,48,0,0,0,0,12,48,0,0,0,0,12,16,0,0,0,0,24,24,0,0,0,0,24,24,0,0,0,0,24,31,255,255,255,255,248,31,255,255,255,255,240,0,0,0,0,0,0,0,0,0,0,0,0,0,0,0,0,0,0,0,0,0,0,0,0},
  {0,0,0,0,0,0,0,31,255,240,0,0,0,31,255,248,0,0,0,16,0,60,0,0,15,240,0,62,0,0,31,240,0,55,0,0,24,16,0,51,128,0,24,16,0,49,192,0,24,16,0,48,255,240,24,16,0,48,127,248,24,16,0,48,56,24,24,16,0,48,28,24,24,16,0,63,254,24,24,16,0,63,254,24,24,16,0,0,6,24,24,16,0,0,2,24,24,16,0,0,2,24,63,255,255,255,255,252,127,255,255,255,255,254,224,0,0,0,0,6,192,0,0,0,0,3,64,0,0,0,0,2,64,0,0,0,0,6,96,0,0,0,0,6,96,0,0,0,0,6,96,0,0,0,0,6,96,0,0,0,0,6,96,0,0,0,0,6,96,0,0,0,0,6,32,0,0,0,0,6,32,0,0,0,0,4,48,0,0,0,0,12,48,0,0,0,0,12,48,0,0,0,0,12,48,0,0,0,0,12,48,0,0,0,0,12,48,0,0,0,0,12,48,0,0,0,0,12,48,0,0,0,0,12,16,0,0,0,0,24,24,0,0,0,0,24,24,0,0,0,0,24,31,255,255,255,255,248,31,255,255,255,255,240,0,0,0,0,0,0,0,0,0,0,0,0,0,0,0,0,0,0,0,0,0,0,0,0},
  {0,0,0,0,0,0,0,31,255,240,0,0,0,31,255,248,0,0,0,16,0,60,0,0,15,240,0,62,0,0,31,240,0,55,0,0,24,16,0,51,128,0,24,16,0,49,192,0,24,16,0,48,255,240,24,16,0,48,127,248,24,16,0,48,56,24,24,16,0,48,28,24,24,16,0,63,254,24,24,16,0,63,254,24,24,16,0,0,6,24,24,16,0,0,2,24,24,16,0,0,2,24,56,56,0,0,7,24,127,255,255,255,255,254,224,0,0,0,0,6,192,0,0,0,0,3,64,0,0,0,0,3,64,0,0,0,0,2,96,0,0,0,0,6,96,0,0,0,0,6,96,0,0,0,0,6,96,0,0,0,0,6,96,0,0,0,0,6,96,0,0,0,0,6,96,0,0,0,0,6,32,0,0,0,0,4,48,0,0,0,0,12,48,0,0,0,0,12,48,0,0,0,0,12,48,0,0,0,0,12,48,0,0,0,0,12,48,0,0,0,0,12,48,0,0,0,0,12,48,0,0,0,0,12,16,0,0,0,0,24,24,0,0,0,0,24,24,0,0,0,0,24,31,255,255,255,255,248,31,255,255,255,255,240,0,0,0,0,0,0,0,0,0,0,0,0,0,0,0,0,0,0,0,0,0,0,0,0},
  {0,0,0,0,0,0,0,31,255,240,0,0,0,31,255,248,0,0,0,16,0,60,0,0,15,240,0,62,0,0,31,240,0,55,0,0,24,16,0,51,128,0,24,16,0,49,192,0,24,16,0,48,255,240,24,16,0,48,127,248,24,16,0,48,56,24,24,16,0,48,28,24,24,16,0,63,254,24,24,16,0,63,254,24,24,16,0,0,6,24,24,16,0,0,2,24,24,16,0,0,2,24,24,24,0,0,6,24,127,255,255,255,255,254,255,255,255,255,255,254,192,0,0,0,0,3,192,0,0,0,0,3,64,0,0,0,0,3,64,0,0,0,0,2,96,0,0,0,0,6,96,0,0,0,0,6,96,0,0,0,0,6,96,0,0,0,0,6,96,0,0,0,0,6,96,0,0,0,0,6,32,0,0,0,0,4,32,0,0,0,0,4,48,0,0,0,0,12,48,0,0,0,0,12,48,0,0,0,0,12,48,0,0,0,0,12,48,0,0,0,0,12,48,0,0,0,0,12,48,0,0,0,0,12,16,0,0,0,0,24,24,0,0,0,0,24,24,0,0,0,0,24,31,255,255,255,255,248,31,255,255,255,255,240,0,0,0,0,0,0,0,0,0,0,0,0,0,0,0,0,0,0,0,0,0,0,0,0},
  {0,0,0,0,0,0,0,31,255,240,0,0,0,31,255,248,0,0,0,16,0,60,0,0,15,240,0,62,0,0,31,240,0,55,0,0,24,16,0,51,128,0,24,16,0,49,192,0,24,16,0,48,255,240,24,16,0,48,127,248,24,16,0,48,56,24,24,16,0,48,28,24,24,16,0,63,254,24,24,16,0,63,254,24,24,16,0,0,6,24,24,16,0,0,2,24,24,16,0,0,2,24,24,16,0,0,2,24,63,255,255,255,255,252,127,255,255,255,255,254,192,0,0,0,0,3,192,0,0,0,0,3,192,0,0,0,0,3,64,0,0,0,0,2,64,0,0,0,0,6,96,0,0,0,0,6,96,0,0,0,0,6,96,0,0,0,0,6,96,0,0,0,0,6,96,0,0,0,0,6,32,0,0,0,0,6,32,0,0,0,0,4,48,0,0,0,0,12,48,0,0,0,0,12,48,0,0,0,0,12,48,0,0,0,0,12,48,0,0,0,0,12,48,0,0,0,0,12,48,0,0,0,0,12,16,0,0,0,0,24,24,0,0,0,0,24,24,0,0,0,0,24,31,255,255,255,255,248,31,255,255,255,255,240,0,0,0,0,0,0,0,0,0,0,0,0,0,0,0,0,0,0,0,0,0,0,0,0},
  {0,0,0,0,0,0,0,0,0,0,0,0,0,0,0,0,0,0,0,0,0,0,0,0,15,255,255,240,0,0,31,255,255,248,0,0,24,16,0,60,0,0,24,16,0,62,0,0,24,16,0,55,255,240,24,16,0,51,255,248,24,16,0,49,192,24,24,16,0,48,224,24,24,16,0,48,112,24,24,16,0,48,56,24,24,16,0,48,28,24,24,16,0,63,254,24,24,16,0,63,254,24,63,255,255,255,255,252,127,255,255,255,255,254,96,0,0,0,0,6,64,0,0,0,0,6,96,0,0,0,0,6,96,0,0,0,0,6,96,0,0,0,0,6,96,0,0,0,0,6,96,0,0,0,0,6,96,0,0,0,0,6,96,0,0,0,0,6,32,0,0,0,0,4,32,0,0,0,0,4,48,0,0,0,0,12,48,0,0,0,0,12,48,0,0,0,0,12,48,0,0,0,0,12,48,0,0,0,0,12,48,0,0,0,0,12,48,0,0,0,0,12,48,0,0,0,0,12,48,0,0,0,0,8,24,0,0,0,0,24,24,0,0,0,0,24,24,0,0,0,0,24,31,255,255,255,255,248,31,255,255,255,255,240,0,0,0,0,0,0,0,0,0,0,0,0,0,0,0,0,0,0,0,0,0,0,0,0},
  {0,0,0,0,0,0,0,0,0,0,0,0,0,0,0,0,0,0,0,0,0,0,0,0,15,255,0,0,0,0,31,255,0,0,0,0,24,1,128,0,0,0,24,0,192,0,0,0,24,0,127,255,255,240,24,0,63,255,255,248,24,31,255,224,0,24,24,31,255,240,0,24,24,24,0,56,0,24,24,16,0,60,0,24,24,16,0,54,0,24,31,255,255,255,255,248,63,255,255,255,255,252,48,0,0,0,0,12,32,0,0,0,0,4,32,0,0,0,0,4,48,0,0,0,0,12,48,0,0,0,0,12,48,0,0,0,0,12,48,0,0,0,0,12,48,0,0,0,0,12,48,0,0,0,0,12,48,0,0,0,0,12,48,0,0,0,0,12,48,0,0,0,0,12,48,0,0,0,0,12,48,0,0,0,0,12,48,0,0,0,0,12,48,0,0,0,0,12,48,0,0,0,0,12,48,0,0,0,0,12,48,0,0,0,0,12,16,0,0,0,0,8,16,0,0,0,0,24,24,0,0,0,0,24,24,0,0,0,0,24,24,0,0,0,0,24,24,0,0,0,0,24,31,255,255,255,255,248,31,255,255,255,255,240,0,0,0,0,0,0,0,0,0,0,0,0,0,0,0,0,0,0,0,0,0,0,0,0},
  {0,0,0,0,0,0,0,0,0,0,0,0,0,0,0,0,0,0,0,0,0,0,0,0,15,255,0,0,0,0,31,255,0,0,0,0,24,1,128,0,0,0,24,0,192,0,0,0,24,0,127,255,255,240,24,0,63,255,255,248,24,0,0,0,0,24,24,0,0,0,0,24,24,0,0,0,0,24,24,0,0,0,0,24,31,255,255,255,255,248,24,0,0,0,0,28,48,0,0,0,0,12,48,0,0,0,0,12,48,0,0,0,0,12,48,0,0,0,0,12,48,0,0,0,0,12,48,0,0,0,0,12,48,0,0,0,0,8,16,0,0,0,0,8,16,0,0,0,0,8,16,0,0,0,0,8,16,0,0,0,0,8,24,0,0,0,0,24,24,0,0,0,0,24,24,0,0,0,0,24,24,0,0,0,0,24,24,0,0,0,0,24,24,0,0,0,0,24,24,0,0,0,0,24,24,0,0,0,0,24,24,0,0,0,0,24,24,0,0,0,0,24,24,0,0,0,0,24,24,0,0,0,0,24,24,0,0,0,0,24,24,0,0,0,0,24,24,0,0,0,0,24,31,255,255,255,255,248,31,255,255,255,255,240,0,0,0,0,0,0,0,0,0,0,0,0,0,0,0,0,0,0,0,0,0,0,0,0},
  {0,0,0,0,0,0,0,0,0,0,0,0,0,0,0,0,0,0,0,0,0,0,0,0,15,255,0,0,0,0,31,255,0,0,0,0,24,1,128,0,0,0,24,0,192,0,0,0,24,0,127,255,255,240,24,0,63,255,255,248,24,0,0,0,0,24,24,0,0,0,0,24,24,0,0,0,0,24,31,255,255,255,255,248,28,0,0,0,0,56,24,0,0,0,0,24,24,0,0,0,0,24,24,0,0,0,0,24,24,0,0,0,0,24,24,0,0,0,0,24,24,0,0,0,0,24,24,0,0,0,0,24,24,0,0,0,0,24,24,0,0,0,0,24,24,0,0,0,0,24,24,0,0,0,0,24,24,0,0,0,0,24,24,0,0,0,0,24,24,0,0,0,0,24,24,0,0,0,0,24,24,0,0,0,0,24,24,0,0,0,0,24,24,0,0,0,0,24,24,0,0,0,0,24,24,0,0,0,0,24,24,0,0,0,0,24,24,0,0,0,0,24,24,0,0,0,0,24,24,0,0,0,0,24,24,0,0,0,0,24,24,0,0,0,0,24,24,0,0,0,0,24,31,255,255,255,255,248,31,255,255,255,255,248,0,0,0,0,0,0,0,0,0,0,0,0,0,0,0,0,0,0,0,0,0,0,0,0},
  {0,0,0,0,0,0,0,0,0,0,0,0,0,0,0,0,0,0,0,0,0,0,0,0,15,255,0,0,0,0,31,255,0,0,0,0,24,1,128,0,0,0,24,0,192,0,0,0,24,0,127,255,255,240,24,0,63,255,255,248,24,0,0,0,0,24,24,0,0,0,0,24,24,0,0,0,0,24,31,255,255,255,255,248,28,0,0,0,0,56,24,0,0,0,0,24,24,0,0,0,0,24,24,0,0,0,0,24,24,0,0,0,0,24,24,0,0,0,0,24,24,0,0,0,0,24,24,0,0,0,0,24,24,0,0,0,0,24,24,0,0,0,0,24,24,0,0,0,0,24,24,0,0,0,0,24,24,0,0,0,0,24,24,0,0,0,0,24,24,0,0,0,0,24,24,0,0,0,0,24,24,0,0,0,0,24,24,0,0,0,0,24,24,0,0,0,0,24,24,0,0,0,0,24,24,0,0,0,0,24,24,0,0,0,0,24,24,0,0,0,0,24,24,0,0,0,0,24,24,0,0,0,0,24,24,0,0,0,0,24,24,0,0,0,0,24,24,0,0,0,0,24,31,255,255,255,255,248,31,255,255,255,255,248,0,0,0,0,0,0,0,0,0,0,0,0,0,0,0,0,0,0,0,0,0,0,0,0},
  {0,0,0,0,0,0,0,0,0,0,0,0,0,0,0,0,0,0,0,0,0,0,0,0,15,255,0,0,0,0,31,255,0,0,0,0,24,1,128,0,0,0,24,0,192,0,0,0,24,0,127,255,255,240,24,0,63,255,255,248,24,0,0,0,0,24,24,0,0,0,0,24,24,0,0,0,0,24,31,255,255,255,255,248,28,0,0,0,0,56,24,0,0,0,0,24,24,0,0,0,0,24,24,0,0,0,0,24,24,0,0,0,0,24,24,0,0,0,0,24,24,0,0,0,0,24,24,0,0,0,0,24,24,0,0,0,0,24,24,0,0,0,0,24,24,0,0,0,0,24,24,0,0,0,0,24,24,0,0,0,0,24,24,0,0,0,0,24,24,0,0,0,0,24,24,0,0,0,0,24,24,0,0,0,0,24,24,0,0,0,0,24,24,0,0,0,0,24,24,0,0,0,0,24,24,0,0,0,0,24,24,0,0,0,0,24,24,0,0,0,0,24,24,0,0,0,0,24,24,0,0,0,0,24,24,0,0,0,0,24,24,0,0,0,0,24,24,0,0,0,0,24,31,255,255,255,255,248,31,255,255,255,255,248,0,0,0,0,0,0,0,0,0,0,0,0,0,0,0,0,0,0,0,0,0,0,0,0},
  {0,0,0,0,0,0,0,0,0,0,0,0,0,0,0,0,0,0,0,0,0,0,0,0,15,255,0,0,0,0,31,255,0,0,0,0,24,1,128,0,0,0,24,0,192,0,0,0,24,0,127,255,255,240,24,0,63,255,255,248,24,0,0,0,0,24,24,0,0,0,0,24,24,0,0,0,0,24,31,255,255,255,255,248,28,0,0,0,0,56,24,0,0,0,0,24,24,0,0,0,0,24,24,0,0,0,0,24,24,0,0,0,0,24,24,0,0,0,0,24,24,0,0,0,0,24,24,0,0,0,0,24,24,0,0,0,0,24,24,0,0,0,0,24,24,0,0,0,0,24,24,0,0,0,0,24,24,0,0,0,0,24,24,0,0,0,0,24,24,0,0,0,0,24,24,0,0,0,0,24,24,0,0,0,0,24,24,0,0,0,0,24,24,0,0,0,0,24,24,0,0,0,0,24,24,0,0,0,0,24,24,0,0,0,0,24,24,0,0,0,0,24,24,0,0,0,0,24,24,0,0,0,0,24,24,0,0,0,0,24,24,0,0,0,0,24,24,0,0,0,0,24,31,255,255,255,255,248,31,255,255,255,255,248,0,0,0,0,0,0,0,0,0,0,0,0,0,0,0,0,0,0,0,0,0,0,0,0}
};

void setup() {
  display.begin(SSD1306_SWITCHCAPVCC, SCREEN_I2C_ADDR);
}

int frame = 0;
void loop() {
  display.clearDisplay();
  display.drawBitmap(40, 8, frames[frame], FRAME_WIDTH, FRAME_HEIGHT, 1);
  display.display();
  frame = (frame + 1) % FRAME_COUNT;
  delay(FRAME_DELAY);
}