#include <Adafruit_GFX.h>
#include <Adafruit_SSD1306.h>

#define SCREEN_I2C_ADDR 0x3D // or 0x3C
#define SCREEN_WIDTH 128     // OLED display width, in pixels
#define SCREEN_HEIGHT 64     // OLED display height, in pixels
#define OLED_RST_PIN -1      // Reset pin (-1 if not available)

Adafruit_SSD1306 display(128, 64, &Wire, OLED_RST_PIN);

// OLED Animation: document
// Code auto-generated by https://wokwi.com/animator, graphics by icons8.com

#define FRAME_DELAY (42)
#define FRAME_WIDTH (48)
#define FRAME_HEIGHT (48)
#define FRAME_COUNT (sizeof(frames) / sizeof(frames[0]))
const byte PROGMEM frames[][288] = {
  {0,0,0,0,0,0,0,0,0,0,0,0,1,255,255,252,0,0,1,255,255,254,0,0,1,128,0,15,0,0,1,128,0,15,128,0,1,128,0,13,192,0,1,128,0,12,224,0,1,128,0,12,112,0,1,128,0,12,56,0,1,128,0,12,28,0,1,128,0,12,14,0,1,128,0,12,7,0,1,128,0,12,7,128,1,128,0,15,255,128,1,128,0,0,1,128,1,128,0,0,1,128,1,128,0,0,1,128,1,128,0,0,1,128,1,128,0,0,1,128,1,128,0,0,1,128,1,129,255,255,193,128,1,131,255,255,193,128,1,128,0,0,1,128,1,128,0,0,1,128,1,128,0,0,1,128,1,128,0,0,1,128,1,131,255,252,1,128,1,129,255,248,1,128,1,128,0,0,1,128,1,128,0,0,1,128,1,128,0,0,1,128,1,128,0,0,1,128,1,131,255,255,193,128,1,128,0,0,1,128,1,128,0,0,1,128,1,128,0,0,1,128,1,128,0,0,1,128,1,128,0,0,1,128,1,128,0,0,1,128,1,128,0,0,1,128,1,128,0,0,1,128,1,128,0,0,1,128,1,128,0,0,1,128,1,255,255,255,255,128,1,255,255,255,255,128,0,0,0,0,0,0,0,0,0,0,0,0},
  {0,0,0,0,0,0,0,0,0,0,0,0,1,255,255,252,0,0,1,255,255,254,0,0,1,128,0,15,0,0,1,128,0,15,128,0,1,128,0,13,192,0,1,128,0,12,224,0,1,128,0,12,112,0,1,128,0,12,56,0,1,128,0,12,28,0,1,128,0,12,14,0,1,128,0,12,7,0,1,128,0,12,7,128,1,128,0,15,255,128,1,128,0,0,1,128,1,128,0,0,1,128,1,128,0,0,1,128,1,128,0,0,1,128,1,128,0,0,1,128,1,128,0,0,1,128,1,129,255,255,193,128,1,131,255,255,193,128,1,128,0,0,1,128,1,128,0,0,1,128,1,128,0,0,1,128,1,128,0,0,1,128,1,131,255,252,1,128,1,129,255,248,1,128,1,128,0,0,1,128,1,128,0,0,1,128,1,128,0,0,1,128,1,128,0,0,1,128,1,131,255,255,193,128,1,128,0,0,1,128,1,128,0,0,1,128,1,128,0,0,1,128,1,128,0,0,1,128,1,128,0,0,1,128,1,128,0,0,1,128,1,128,0,0,1,128,1,128,0,0,1,128,1,128,0,0,1,128,1,128,0,0,1,128,1,255,255,255,255,128,1,255,255,255,255,128,0,0,0,0,0,0,0,0,0,0,0,0},
  {0,0,0,0,0,0,0,0,0,0,0,0,1,255,255,252,0,0,1,255,255,254,0,0,1,128,0,15,0,0,1,128,0,15,128,0,1,128,0,13,192,0,1,128,0,12,224,0,1,128,0,12,112,0,1,128,0,12,56,0,1,128,0,12,28,0,1,128,0,12,14,0,1,128,0,12,7,0,1,128,0,12,7,128,1,128,0,15,255,128,1,128,0,0,1,128,1,128,0,0,1,128,1,128,0,0,1,128,1,128,0,0,1,128,1,128,0,0,1,128,1,128,0,0,1,128,1,129,255,255,193,128,1,131,255,255,193,128,1,128,0,0,1,128,1,128,0,0,1,128,1,128,0,0,1,128,1,128,0,0,1,128,1,131,255,252,1,128,1,129,255,248,1,128,1,128,0,0,1,128,1,128,0,0,1,128,1,128,0,0,1,128,1,128,0,0,1,128,1,131,255,255,193,128,1,128,0,0,1,128,1,128,0,0,1,128,1,128,0,0,1,128,1,128,0,0,1,128,1,128,0,0,1,128,1,128,0,0,1,128,1,128,0,0,1,128,1,128,0,0,1,128,1,128,0,0,1,128,1,128,0,0,1,128,1,255,255,255,255,128,1,255,255,255,255,128,0,0,0,0,0,0,0,0,0,0,0,0},
  {0,0,0,0,0,0,0,0,0,0,0,0,1,255,255,252,0,0,1,255,255,254,0,0,1,128,0,15,0,0,1,128,0,15,128,0,1,128,0,13,192,0,1,128,0,12,224,0,1,128,0,12,112,0,1,128,0,12,56,0,1,128,0,12,28,0,1,128,0,12,14,0,1,128,0,12,7,0,1,128,0,12,7,128,1,128,0,15,255,128,1,128,0,0,1,128,1,128,0,0,1,128,1,128,0,0,1,128,1,128,0,0,1,128,1,128,0,0,1,128,1,128,0,0,1,128,1,129,255,255,193,128,1,131,255,255,193,128,1,128,0,0,1,128,1,128,0,0,1,128,1,128,0,0,1,128,1,128,0,0,1,128,1,131,255,252,1,128,1,129,255,248,1,128,1,128,0,0,1,128,1,128,0,0,1,128,1,128,0,0,1,128,1,128,0,0,1,128,1,131,255,255,193,128,1,128,0,0,1,128,1,128,0,0,1,128,1,128,0,0,1,128,1,128,0,0,1,128,1,128,0,0,1,128,1,128,0,0,1,128,1,128,0,0,1,128,1,128,0,0,1,128,1,128,0,0,1,128,1,128,0,0,1,128,1,255,255,255,255,128,1,255,255,255,255,128,0,0,0,0,0,0,0,0,0,0,0,0},
  {0,0,0,0,0,0,0,0,0,0,0,0,3,255,255,252,0,0,3,255,255,254,0,0,3,0,0,15,0,0,3,0,0,15,128,0,3,0,0,13,192,0,1,0,0,12,224,0,1,0,0,12,112,0,1,0,0,12,56,0,1,0,0,12,28,0,1,0,0,12,14,0,1,0,0,12,7,0,1,128,0,15,255,128,1,128,0,15,255,128,1,128,0,0,1,128,1,128,0,0,1,128,1,128,0,0,1,128,1,128,0,0,1,128,1,128,0,0,1,128,1,128,0,0,1,128,1,129,255,255,129,128,1,131,255,255,129,128,1,128,0,0,1,128,1,128,0,0,1,128,1,128,0,0,1,128,1,128,0,0,1,128,1,129,255,224,1,128,1,129,255,224,1,128,1,128,0,0,1,128,1,128,0,0,1,128,1,128,0,0,1,128,1,128,0,0,1,128,1,129,255,255,193,128,1,129,252,0,1,128,1,128,0,0,0,128,1,128,0,0,0,128,1,128,0,0,0,128,1,128,0,0,0,128,1,128,0,0,0,128,1,128,0,0,0,128,1,128,0,0,0,192,1,128,0,0,0,192,1,128,0,0,0,192,1,255,255,255,255,192,1,255,255,255,255,192,0,0,0,0,0,0,0,0,0,0,0,0},
  {0,0,0,0,0,0,0,0,0,0,0,0,0,0,127,254,0,0,3,255,255,255,0,0,3,254,0,7,128,0,3,0,0,7,192,0,3,0,0,4,224,0,3,0,0,6,112,0,3,0,0,6,56,0,3,0,0,6,28,0,3,0,0,6,6,0,3,0,0,7,255,128,3,0,0,7,255,128,3,0,0,0,1,128,3,0,0,0,1,128,3,0,0,0,1,128,3,0,0,0,1,128,1,0,0,0,1,128,1,0,0,0,1,128,1,128,0,0,1,128,1,128,0,0,1,128,1,128,31,255,129,128,1,131,255,255,129,128,1,128,0,0,1,128,1,128,0,0,1,128,1,128,0,0,1,128,1,128,0,0,1,128,1,129,252,0,1,128,1,129,252,0,1,128,1,128,0,0,0,128,1,128,0,0,0,128,1,128,0,0,0,192,1,128,0,31,192,192,1,129,255,255,192,192,1,129,252,0,0,192,1,128,0,0,0,192,0,128,0,0,0,192,0,128,0,0,0,192,0,192,0,0,0,192,0,192,0,0,0,192,0,192,0,0,0,192,0,192,0,0,0,192,0,192,0,0,0,192,0,192,0,0,127,192,0,195,255,255,255,192,0,255,255,254,0,0,0,240,0,0,0,0,0,0,0,0,0,0},
  {0,0,0,0,0,0,0,0,0,2,0,0,0,0,7,255,0,0,0,127,255,255,128,0,7,255,240,3,192,0,7,0,0,2,224,0,6,0,0,3,56,0,6,0,0,3,28,0,2,0,0,3,14,0,3,0,0,3,255,0,3,0,0,3,255,0,3,0,0,0,3,0,3,0,0,0,3,0,3,0,0,0,3,0,3,0,0,0,3,0,3,0,0,0,3,0,3,0,0,0,3,0,3,0,0,0,1,0,3,0,0,0,1,128,1,0,0,0,1,128,1,128,0,0,1,128,1,128,7,252,1,128,1,131,255,248,1,128,1,129,192,0,1,128,1,128,0,0,1,128,1,128,0,0,1,128,1,128,0,0,1,128,1,128,0,0,1,128,1,129,128,0,0,128,1,128,0,0,0,192,0,128,0,0,0,192,0,192,0,0,0,192,0,192,0,127,192,192,0,192,255,255,128,192,0,192,252,0,0,192,0,192,0,0,0,192,0,192,0,0,0,192,0,192,0,0,0,192,0,192,0,0,0,192,0,192,0,0,0,64,0,192,0,0,0,96,0,192,0,0,0,96,0,64,0,0,0,224,0,96,0,15,255,224,0,96,127,255,254,0,0,127,255,224,0,0,0,127,0,0,0,0,0,0,0,0,0,0},
  {0,0,0,0,0,0,0,0,0,1,128,0,0,0,3,255,192,0,0,15,255,253,224,0,7,255,248,1,240,0,7,224,0,1,184,0,6,0,0,0,142,0,6,0,0,0,254,0,6,0,0,0,254,0,6,0,0,0,3,0,2,0,0,0,3,0,3,0,0,0,3,0,3,0,0,0,3,0,3,0,0,0,3,0,3,0,0,0,3,0,3,0,0,0,3,0,3,0,0,0,3,0,3,0,0,0,3,0,3,0,0,0,1,0,3,0,0,0,1,128,1,0,0,0,1,128,1,128,3,0,1,128,1,129,255,0,1,128,1,129,224,0,1,128,1,128,0,0,1,128,1,128,0,0,1,128,1,128,0,0,1,128,1,128,0,0,0,128,1,128,0,0,0,192,0,128,0,0,0,192,0,192,0,0,0,192,0,192,0,0,0,192,0,192,0,127,192,192,0,192,255,255,0,192,0,192,252,0,0,192,0,192,0,0,0,192,0,192,0,0,0,192,0,192,0,0,0,64,0,192,0,0,0,96,0,64,0,0,0,96,0,96,0,0,0,96,0,96,0,0,0,96,0,96,0,0,7,224,0,96,0,31,255,224,0,96,63,255,240,0,0,127,255,192,0,0,0,127,128,0,0,0,0,0,0,0,0,0},
  {0,0,0,0,0,0,0,0,0,0,0,0,0,255,255,255,248,0,1,255,255,255,252,0,1,128,0,0,30,0,1,128,0,0,31,0,1,128,0,0,31,128,1,128,0,0,31,128,1,128,0,0,1,128,1,128,0,0,1,128,1,128,0,0,1,128,1,128,0,0,1,128,1,128,0,0,1,128,1,128,0,0,1,128,1,128,0,0,1,128,1,128,0,0,1,128,1,128,0,0,1,128,1,128,0,0,1,128,1,128,0,0,1,128,1,128,0,0,1,128,1,128,0,0,1,128,1,129,128,0,1,128,1,129,128,0,1,128,1,128,0,0,1,128,1,128,0,0,1,128,1,128,0,0,1,128,1,128,0,0,1,128,1,128,0,0,1,128,1,128,0,0,1,128,1,128,0,0,1,128,1,128,0,0,1,128,1,128,0,0,1,128,1,128,0,12,1,128,1,129,255,252,1,128,1,128,0,0,1,128,1,128,0,0,1,128,1,128,0,0,1,128,1,128,0,0,1,128,1,128,0,0,1,128,1,128,0,0,1,128,1,128,0,0,1,128,1,128,0,0,1,128,1,128,0,0,1,128,1,128,0,0,1,128,1,255,255,255,255,128,1,255,255,255,255,0,0,0,0,0,0,0,0,0,0,0,0,0},
  {0,0,0,0,0,0,0,126,0,0,0,0,0,127,255,224,0,0,0,96,255,255,252,0,0,96,0,15,255,128,0,96,0,0,3,192,0,64,0,0,1,224,0,192,0,0,0,192,0,192,0,0,0,192,0,192,0,0,0,192,0,192,0,0,0,192,0,192,0,0,0,192,0,192,0,0,0,192,0,192,0,0,0,192,0,192,0,0,0,192,0,192,0,0,0,192,0,192,0,0,0,192,0,128,0,0,0,192,1,128,0,0,0,128,1,128,0,0,0,128,1,128,0,0,1,128,1,128,0,0,1,128,1,128,0,0,1,128,1,128,0,0,1,128,1,128,0,0,1,128,1,128,0,0,1,128,1,128,0,0,1,128,1,128,0,0,1,128,1,0,0,0,1,128,1,0,0,0,1,128,3,0,0,0,1,0,3,0,0,0,3,0,3,3,254,0,3,0,3,3,254,0,3,0,3,0,0,0,3,0,3,0,0,0,3,0,3,0,0,0,3,0,3,0,0,0,3,0,3,0,0,0,3,0,3,0,0,0,3,0,2,0,0,0,3,0,6,0,0,0,2,0,7,128,0,0,6,0,7,255,240,0,6,0,0,63,255,255,6,0,0,0,7,255,254,0,0,0,0,0,126,0,0,0,0,0,0,0},
  {0,0,0,0,0,0,0,192,0,0,0,0,0,255,255,255,128,0,0,207,255,255,255,192,0,192,0,0,31,192,0,192,0,0,0,192,0,192,0,0,0,192,0,128,0,0,0,192,0,128,0,0,0,192,0,128,0,0,0,192,1,128,0,0,0,192,1,128,0,0,0,192,1,128,0,0,0,192,1,128,0,0,0,192,1,128,0,0,0,192,1,128,0,0,0,128,1,128,0,0,0,128,1,128,0,0,0,128,1,128,0,0,1,128,1,128,0,0,1,128,1,128,0,0,1,128,1,128,0,0,1,128,1,128,0,0,1,128,1,128,0,0,1,128,1,128,0,0,1,128,1,128,0,0,1,128,1,128,0,0,1,128,1,128,0,0,1,128,1,128,0,0,1,128,1,128,0,0,1,128,1,0,0,0,1,128,1,0,0,0,1,128,1,3,128,0,1,128,3,3,128,0,1,128,3,0,0,0,1,128,3,0,0,0,1,128,3,0,0,0,1,128,3,0,0,0,1,128,3,0,0,0,1,0,3,0,0,0,1,0,3,0,0,0,1,0,3,0,0,0,3,0,3,0,0,0,3,0,3,248,0,0,3,0,3,255,255,255,243,0,0,1,255,255,255,0,0,0,0,0,3,0,0,0,0,0,0,0},
  {0,0,0,0,0,0,0,0,0,0,0,0,1,255,255,255,255,128,1,255,255,255,255,128,1,128,0,0,1,128,1,128,0,0,1,128,1,128,0,0,1,128,1,128,0,0,1,128,1,128,0,0,1,128,1,128,0,0,1,128,1,128,0,0,1,128,1,128,0,0,1,128,1,128,0,0,1,128,1,128,0,0,1,128,1,128,0,0,1,128,1,128,0,0,1,128,1,128,0,0,1,128,1,128,0,0,1,128,1,128,0,0,1,128,1,128,0,0,1,128,1,128,0,0,1,128,1,128,0,0,1,128,1,128,0,0,1,128,1,128,0,0,1,128,1,128,0,0,1,128,1,128,0,0,1,128,1,128,0,0,1,128,1,128,0,0,1,128,1,128,0,0,1,128,1,128,0,0,1,128,1,128,0,0,1,128,1,128,0,0,1,128,1,128,0,0,1,128,1,128,0,0,1,128,1,128,0,0,1,128,1,128,0,0,1,128,1,128,0,0,1,128,1,128,0,0,1,128,1,128,0,0,1,128,1,128,0,0,1,128,1,128,0,0,1,128,1,128,0,0,1,128,1,128,0,0,1,128,1,128,0,0,1,128,1,255,255,255,255,128,1,255,255,255,255,128,0,0,0,0,0,0,0,0,0,0,0,0},
  {0,0,0,0,0,0,0,0,0,0,0,0,1,255,255,255,255,128,1,255,255,255,255,128,1,128,0,0,1,128,1,128,0,0,1,128,1,128,0,0,1,128,1,128,0,0,1,128,1,128,0,0,1,128,1,128,0,0,1,128,1,128,0,0,1,128,1,128,0,0,1,128,1,128,0,0,1,128,1,128,0,0,1,128,1,128,0,0,1,128,1,128,0,0,1,128,1,128,0,0,1,128,1,128,0,0,1,128,1,128,0,0,1,128,1,128,0,0,1,128,1,128,0,0,1,128,1,128,0,0,1,128,1,128,0,0,1,128,1,128,0,0,1,128,1,128,0,0,1,128,1,128,0,0,1,128,1,128,0,0,1,128,1,128,0,0,1,128,1,128,0,0,1,128,1,128,0,0,1,128,1,128,0,0,1,128,1,128,0,0,1,128,1,128,0,0,1,128,1,128,0,0,1,128,1,128,0,0,1,128,1,128,0,0,1,128,1,128,0,0,1,128,1,128,0,0,1,128,1,128,0,0,1,128,1,128,0,0,1,128,1,128,0,0,1,128,1,128,0,0,1,128,1,128,0,0,1,128,1,128,0,0,1,128,1,255,255,255,255,128,1,255,255,255,255,128,0,0,0,0,0,0,0,0,0,0,0,0},
  {0,0,0,0,0,0,0,0,0,0,0,0,1,255,255,255,255,128,1,255,255,255,255,128,1,128,0,0,1,128,1,128,0,0,1,128,1,128,0,0,1,128,1,128,0,0,1,128,1,128,0,0,1,128,1,128,0,0,1,128,1,128,0,0,1,128,1,128,0,0,1,128,1,128,0,0,1,128,1,128,0,0,1,128,1,128,0,0,1,128,1,128,0,0,1,128,1,128,0,0,1,128,1,128,0,0,1,128,1,128,0,0,1,128,1,128,0,0,1,128,1,128,0,0,1,128,1,128,0,0,1,128,1,128,0,0,1,128,1,128,0,0,1,128,1,128,0,0,1,128,1,128,0,0,1,128,1,128,0,0,1,128,1,128,0,0,1,128,1,128,0,0,1,128,1,128,0,0,1,128,1,128,0,0,1,128,1,128,0,0,1,128,1,128,0,0,1,128,1,128,0,0,1,128,1,128,0,0,1,128,1,128,0,0,1,128,1,128,0,0,1,128,1,128,0,0,1,128,1,128,0,0,1,128,1,128,0,0,1,128,1,128,0,0,1,128,1,128,0,0,1,128,1,128,0,0,1,128,1,128,0,0,1,128,1,255,255,255,255,128,1,255,255,255,255,128,0,0,0,0,0,0,0,0,0,0,0,0},
  {0,0,0,0,0,0,0,0,0,0,0,0,1,255,255,255,255,128,1,255,255,255,255,128,1,128,0,0,1,128,1,128,0,0,1,128,1,128,0,0,1,128,1,128,0,0,1,128,1,128,0,0,1,128,1,128,0,0,1,128,1,128,0,0,1,128,1,128,0,0,1,128,1,128,0,0,1,128,1,128,0,0,1,128,1,128,0,0,1,128,1,128,0,0,1,128,1,128,0,0,1,128,1,128,0,0,1,128,1,128,0,0,1,128,1,128,0,0,1,128,1,128,0,0,1,128,1,128,0,0,1,128,1,128,0,0,1,128,1,128,0,0,1,128,1,128,0,0,1,128,1,128,0,0,1,128,1,128,0,0,1,128,1,128,0,0,1,128,1,128,0,0,1,128,1,128,0,0,1,128,1,128,0,0,1,128,1,128,0,0,1,128,1,128,0,0,1,128,1,128,0,0,1,128,1,128,0,0,1,128,1,128,0,0,1,128,1,128,0,0,1,128,1,128,0,0,1,128,1,128,0,0,1,128,1,128,0,0,1,128,1,128,0,0,1,128,1,128,0,0,1,128,1,128,0,0,1,128,1,128,0,0,1,128,1,255,255,255,255,128,1,255,255,255,255,128,0,0,0,0,0,0,0,0,0,0,0,0},
  {0,0,0,0,0,0,0,0,0,0,0,0,1,255,255,255,255,128,1,255,255,255,255,128,1,128,0,0,1,128,1,128,0,0,1,128,1,128,0,0,1,128,1,128,0,0,1,128,1,128,0,0,1,128,1,128,0,0,1,128,1,128,0,0,1,128,1,128,0,0,1,128,1,128,0,0,1,128,1,128,0,0,1,128,1,128,0,0,1,128,1,128,0,0,1,128,1,128,0,0,1,128,1,128,0,0,1,128,1,128,0,0,1,128,1,128,0,0,1,128,1,128,0,0,1,128,1,128,0,0,1,128,1,128,0,0,1,128,1,128,0,0,1,128,1,128,0,0,1,128,1,128,0,0,1,128,1,128,0,0,1,128,1,128,0,0,1,128,1,128,0,0,1,128,1,128,0,0,1,128,1,128,0,0,1,128,1,128,0,0,1,128,1,128,0,0,1,128,1,128,0,0,1,128,1,128,0,0,1,128,1,128,0,0,1,128,1,128,0,0,1,128,1,128,0,0,1,128,1,128,0,0,1,128,1,128,0,0,1,128,1,128,0,0,1,128,1,128,0,0,1,128,1,128,0,0,1,128,1,128,0,0,1,128,1,255,255,255,255,128,1,255,255,255,255,128,0,0,0,0,0,0,0,0,0,0,0,0},
  {0,0,0,0,0,0,0,0,0,0,0,0,1,255,255,255,255,128,1,255,255,255,255,128,1,128,0,0,1,128,1,128,0,0,1,128,1,128,0,0,1,128,1,128,0,0,1,128,1,128,0,0,1,128,1,128,0,0,1,128,1,128,0,0,1,128,1,128,0,0,1,128,1,128,0,0,1,128,1,128,0,0,1,128,1,128,0,0,1,128,1,128,0,0,1,128,1,128,0,0,1,128,1,128,0,0,1,128,1,128,0,0,1,128,1,128,0,0,1,128,1,128,0,0,1,128,1,128,0,0,1,128,1,128,0,0,1,128,1,128,0,0,1,128,1,128,0,0,1,128,1,128,0,0,1,128,1,128,0,0,1,128,1,128,0,0,1,128,1,128,0,0,1,128,1,128,0,0,1,128,1,128,0,0,1,128,1,128,0,0,1,128,1,128,0,0,1,128,1,128,0,0,1,128,1,128,0,0,1,128,1,128,0,0,1,128,1,128,0,0,1,128,1,128,0,0,1,128,1,128,0,0,1,128,1,128,0,0,1,128,1,128,0,0,1,128,1,128,0,0,1,128,1,128,0,0,1,128,1,128,0,0,1,128,1,255,255,255,255,128,1,255,255,255,255,128,0,0,0,0,0,0,0,0,0,0,0,0},
  {0,0,0,0,0,0,0,0,0,0,0,0,1,255,255,255,255,128,1,255,255,255,255,128,1,128,0,0,1,128,1,128,0,0,1,128,1,128,0,0,1,128,1,128,0,0,1,128,1,128,0,0,1,128,1,128,0,0,1,128,1,128,0,0,1,128,1,128,0,0,1,128,1,128,0,0,1,128,1,128,0,0,1,128,1,128,0,0,1,128,1,128,0,0,1,128,1,128,0,0,1,128,1,128,0,0,1,128,1,128,0,0,1,128,1,128,0,0,1,128,1,128,0,0,1,128,1,128,0,0,1,128,1,128,0,0,1,128,1,128,0,0,1,128,1,128,0,0,1,128,1,128,0,0,1,128,1,128,0,0,1,128,1,128,0,0,1,128,1,128,0,0,1,128,1,128,0,0,1,128,1,128,0,0,1,128,1,128,0,0,1,128,1,128,0,0,1,128,1,128,0,0,1,128,1,128,0,0,1,128,1,128,0,0,1,128,1,128,0,0,1,128,1,128,0,0,1,128,1,128,0,0,1,128,1,128,0,0,1,128,1,128,0,0,1,128,1,128,0,0,1,128,1,128,0,0,1,128,1,128,0,0,1,128,1,255,255,255,255,128,1,255,255,255,255,128,0,0,0,0,0,0,0,0,0,0,0,0},
  {0,0,0,0,0,0,0,192,0,0,0,0,0,255,255,255,128,0,0,207,255,255,255,192,0,192,0,0,31,192,0,192,0,0,0,192,0,192,0,0,0,192,0,128,0,0,0,192,0,128,0,0,0,192,0,128,0,0,0,192,1,128,0,0,0,192,1,128,0,0,0,192,1,128,0,0,0,192,1,128,0,0,0,192,1,128,0,0,0,192,1,128,0,0,0,128,1,128,0,0,0,128,1,128,0,0,0,128,1,128,0,0,1,128,1,128,0,0,1,128,1,128,0,0,1,128,1,128,0,0,1,128,1,128,0,0,1,128,1,128,0,0,1,128,1,128,0,0,1,128,1,128,0,0,1,128,1,128,0,0,1,128,1,128,0,0,1,128,1,128,0,0,1,128,1,128,0,0,1,128,1,0,0,0,1,128,1,0,0,0,1,128,1,3,128,0,1,128,3,3,128,0,1,128,3,0,0,0,1,128,3,0,0,0,1,128,3,0,0,0,1,128,3,0,0,0,1,128,3,0,0,0,1,0,3,0,0,0,1,0,3,0,0,0,1,0,3,0,0,0,3,0,3,0,0,0,3,0,3,248,0,0,3,0,3,255,255,255,243,0,0,1,255,255,255,0,0,0,0,0,3,0,0,0,0,0,0,0},
  {0,0,0,0,0,0,0,126,0,0,0,0,0,127,255,224,0,0,0,96,255,255,252,0,0,96,0,15,255,128,0,96,0,0,3,192,0,64,0,0,1,224,0,192,0,0,0,192,0,192,0,0,0,192,0,192,0,0,0,192,0,192,0,0,0,192,0,192,0,0,0,192,0,192,0,0,0,192,0,192,0,0,0,192,0,192,0,0,0,192,0,192,0,0,0,192,0,192,0,0,0,192,0,128,0,0,0,192,1,128,0,0,0,128,1,128,0,0,0,128,1,128,0,0,1,128,1,128,0,0,1,128,1,128,0,0,1,128,1,128,0,0,1,128,1,128,0,0,1,128,1,128,0,0,1,128,1,128,0,0,1,128,1,128,0,0,1,128,1,0,0,0,1,128,1,0,0,0,1,128,3,0,0,0,1,0,3,0,0,0,3,0,3,3,254,0,3,0,3,3,254,0,3,0,3,0,0,0,3,0,3,0,0,0,3,0,3,0,0,0,3,0,3,0,0,0,3,0,3,0,0,0,3,0,3,0,0,0,3,0,2,0,0,0,3,0,6,0,0,0,2,0,7,128,0,0,6,0,7,255,240,0,6,0,0,63,255,255,6,0,0,0,7,255,254,0,0,0,0,0,126,0,0,0,0,0,0,0},
  {0,0,0,0,0,0,0,0,0,0,0,0,0,255,255,255,248,0,1,255,255,255,252,0,1,128,0,0,30,0,1,128,0,0,31,0,1,128,0,0,31,128,1,128,0,0,31,128,1,128,0,0,1,128,1,128,0,0,1,128,1,128,0,0,1,128,1,128,0,0,1,128,1,128,0,0,1,128,1,128,0,0,1,128,1,128,0,0,1,128,1,128,0,0,1,128,1,128,0,0,1,128,1,128,0,0,1,128,1,128,0,0,1,128,1,128,0,0,1,128,1,128,0,0,1,128,1,129,128,0,1,128,1,129,128,0,1,128,1,128,0,0,1,128,1,128,0,0,1,128,1,128,0,0,1,128,1,128,0,0,1,128,1,128,0,0,1,128,1,128,0,0,1,128,1,128,0,0,1,128,1,128,0,0,1,128,1,128,0,0,1,128,1,128,0,12,1,128,1,129,255,252,1,128,1,128,0,0,1,128,1,128,0,0,1,128,1,128,0,0,1,128,1,128,0,0,1,128,1,128,0,0,1,128,1,128,0,0,1,128,1,128,0,0,1,128,1,128,0,0,1,128,1,128,0,0,1,128,1,128,0,0,1,128,1,255,255,255,255,128,1,255,255,255,255,0,0,0,0,0,0,0,0,0,0,0,0,0},
  {0,0,0,0,0,0,0,0,0,1,128,0,0,0,3,255,192,0,0,15,255,253,224,0,7,255,248,1,240,0,7,224,0,1,184,0,6,0,0,0,142,0,6,0,0,0,254,0,6,0,0,0,254,0,6,0,0,0,3,0,2,0,0,0,3,0,3,0,0,0,3,0,3,0,0,0,3,0,3,0,0,0,3,0,3,0,0,0,3,0,3,0,0,0,3,0,3,0,0,0,3,0,3,0,0,0,3,0,3,0,0,0,1,0,3,0,0,0,1,128,1,0,0,0,1,128,1,128,3,0,1,128,1,129,255,0,1,128,1,129,224,0,1,128,1,128,0,0,1,128,1,128,0,0,1,128,1,128,0,0,1,128,1,128,0,0,0,128,1,128,0,0,0,192,0,128,0,0,0,192,0,192,0,0,0,192,0,192,0,0,0,192,0,192,0,127,192,192,0,192,255,255,0,192,0,192,252,0,0,192,0,192,0,0,0,192,0,192,0,0,0,192,0,192,0,0,0,64,0,192,0,0,0,96,0,64,0,0,0,96,0,96,0,0,0,96,0,96,0,0,0,96,0,96,0,0,7,224,0,96,0,31,255,224,0,96,63,255,240,0,0,127,255,192,0,0,0,127,128,0,0,0,0,0,0,0,0,0},
  {0,0,0,0,0,0,0,0,0,2,0,0,0,0,7,255,0,0,0,127,255,255,128,0,7,255,240,3,192,0,7,0,0,2,224,0,6,0,0,3,56,0,6,0,0,3,28,0,2,0,0,3,14,0,3,0,0,3,255,0,3,0,0,3,255,0,3,0,0,0,3,0,3,0,0,0,3,0,3,0,0,0,3,0,3,0,0,0,3,0,3,0,0,0,3,0,3,0,0,0,3,0,3,0,0,0,1,0,3,0,0,0,1,128,1,0,0,0,1,128,1,128,0,0,1,128,1,128,7,252,1,128,1,131,255,248,1,128,1,129,192,0,1,128,1,128,0,0,1,128,1,128,0,0,1,128,1,128,0,0,1,128,1,128,0,0,1,128,1,129,128,0,0,128,1,128,0,0,0,192,0,128,0,0,0,192,0,192,0,0,0,192,0,192,0,127,192,192,0,192,255,255,128,192,0,192,252,0,0,192,0,192,0,0,0,192,0,192,0,0,0,192,0,192,0,0,0,192,0,192,0,0,0,192,0,192,0,0,0,64,0,192,0,0,0,96,0,192,0,0,0,96,0,64,0,0,0,224,0,96,0,15,255,224,0,96,127,255,254,0,0,127,255,224,0,0,0,127,0,0,0,0,0,0,0,0,0,0},
  {0,0,0,0,0,0,0,0,0,0,0,0,0,0,127,254,0,0,3,255,255,255,0,0,3,254,0,7,128,0,3,0,0,7,192,0,3,0,0,4,224,0,3,0,0,6,112,0,3,0,0,6,56,0,3,0,0,6,28,0,3,0,0,6,6,0,3,0,0,7,255,128,3,0,0,7,255,128,3,0,0,0,1,128,3,0,0,0,1,128,3,0,0,0,1,128,3,0,0,0,1,128,1,0,0,0,1,128,1,0,0,0,1,128,1,128,0,0,1,128,1,128,0,0,1,128,1,128,31,255,129,128,1,131,255,255,129,128,1,128,0,0,1,128,1,128,0,0,1,128,1,128,0,0,1,128,1,128,0,0,1,128,1,129,252,0,1,128,1,129,252,0,1,128,1,128,0,0,0,128,1,128,0,0,0,128,1,128,0,0,0,192,1,128,0,31,192,192,1,129,255,255,192,192,1,129,252,0,0,192,1,128,0,0,0,192,0,128,0,0,0,192,0,128,0,0,0,192,0,192,0,0,0,192,0,192,0,0,0,192,0,192,0,0,0,192,0,192,0,0,0,192,0,192,0,0,0,192,0,192,0,0,127,192,0,195,255,255,255,192,0,255,255,254,0,0,0,240,0,0,0,0,0,0,0,0,0,0},
  {0,0,0,0,0,0,0,0,0,0,0,0,3,255,255,252,0,0,3,255,255,254,0,0,3,0,0,15,0,0,3,0,0,15,128,0,3,0,0,13,192,0,1,0,0,12,224,0,1,0,0,12,112,0,1,0,0,12,56,0,1,0,0,12,28,0,1,0,0,12,14,0,1,0,0,12,7,0,1,128,0,15,255,128,1,128,0,15,255,128,1,128,0,0,1,128,1,128,0,0,1,128,1,128,0,0,1,128,1,128,0,0,1,128,1,128,0,0,1,128,1,128,0,0,1,128,1,129,255,255,129,128,1,131,255,255,129,128,1,128,0,0,1,128,1,128,0,0,1,128,1,128,0,0,1,128,1,128,0,0,1,128,1,129,255,224,1,128,1,129,255,224,1,128,1,128,0,0,1,128,1,128,0,0,1,128,1,128,0,0,1,128,1,128,0,0,1,128,1,129,255,255,193,128,1,129,252,0,1,128,1,128,0,0,0,128,1,128,0,0,0,128,1,128,0,0,0,128,1,128,0,0,0,128,1,128,0,0,0,128,1,128,0,0,0,128,1,128,0,0,0,192,1,128,0,0,0,192,1,128,0,0,0,192,1,255,255,255,255,192,1,255,255,255,255,192,0,0,0,0,0,0,0,0,0,0,0,0},
  {0,0,0,0,0,0,0,0,0,0,0,0,1,255,255,252,0,0,1,255,255,254,0,0,1,128,0,15,0,0,1,128,0,15,128,0,1,128,0,13,192,0,1,128,0,12,224,0,1,128,0,12,112,0,1,128,0,12,56,0,1,128,0,12,28,0,1,128,0,12,14,0,1,128,0,12,7,0,1,128,0,12,7,128,1,128,0,15,255,128,1,128,0,0,1,128,1,128,0,0,1,128,1,128,0,0,1,128,1,128,0,0,1,128,1,128,0,0,1,128,1,128,0,0,1,128,1,129,255,255,193,128,1,131,255,255,193,128,1,128,0,0,1,128,1,128,0,0,1,128,1,128,0,0,1,128,1,128,0,0,1,128,1,131,255,252,1,128,1,129,255,248,1,128,1,128,0,0,1,128,1,128,0,0,1,128,1,128,0,0,1,128,1,128,0,0,1,128,1,131,255,255,193,128,1,128,0,0,1,128,1,128,0,0,1,128,1,128,0,0,1,128,1,128,0,0,1,128,1,128,0,0,1,128,1,128,0,0,1,128,1,128,0,0,1,128,1,128,0,0,1,128,1,128,0,0,1,128,1,128,0,0,1,128,1,255,255,255,255,128,1,255,255,255,255,128,0,0,0,0,0,0,0,0,0,0,0,0},
  {0,0,0,0,0,0,0,0,0,0,0,0,1,255,255,252,0,0,1,255,255,254,0,0,1,128,0,15,0,0,1,128,0,15,128,0,1,128,0,13,192,0,1,128,0,12,224,0,1,128,0,12,112,0,1,128,0,12,56,0,1,128,0,12,28,0,1,128,0,12,14,0,1,128,0,12,7,0,1,128,0,12,7,128,1,128,0,15,255,128,1,128,0,0,1,128,1,128,0,0,1,128,1,128,0,0,1,128,1,128,0,0,1,128,1,128,0,0,1,128,1,128,0,0,1,128,1,129,255,255,193,128,1,131,255,255,193,128,1,128,0,0,1,128,1,128,0,0,1,128,1,128,0,0,1,128,1,128,0,0,1,128,1,131,255,252,1,128,1,129,255,248,1,128,1,128,0,0,1,128,1,128,0,0,1,128,1,128,0,0,1,128,1,128,0,0,1,128,1,131,255,255,193,128,1,128,0,0,1,128,1,128,0,0,1,128,1,128,0,0,1,128,1,128,0,0,1,128,1,128,0,0,1,128,1,128,0,0,1,128,1,128,0,0,1,128,1,128,0,0,1,128,1,128,0,0,1,128,1,128,0,0,1,128,1,255,255,255,255,128,1,255,255,255,255,128,0,0,0,0,0,0,0,0,0,0,0,0},
  {0,0,0,0,0,0,0,0,0,0,0,0,1,255,255,252,0,0,1,255,255,254,0,0,1,128,0,15,0,0,1,128,0,15,128,0,1,128,0,13,192,0,1,128,0,12,224,0,1,128,0,12,112,0,1,128,0,12,56,0,1,128,0,12,28,0,1,128,0,12,14,0,1,128,0,12,7,0,1,128,0,12,7,128,1,128,0,15,255,128,1,128,0,0,1,128,1,128,0,0,1,128,1,128,0,0,1,128,1,128,0,0,1,128,1,128,0,0,1,128,1,128,0,0,1,128,1,129,255,255,193,128,1,131,255,255,193,128,1,128,0,0,1,128,1,128,0,0,1,128,1,128,0,0,1,128,1,128,0,0,1,128,1,131,255,252,1,128,1,129,255,248,1,128,1,128,0,0,1,128,1,128,0,0,1,128,1,128,0,0,1,128,1,128,0,0,1,128,1,131,255,255,193,128,1,128,0,0,1,128,1,128,0,0,1,128,1,128,0,0,1,128,1,128,0,0,1,128,1,128,0,0,1,128,1,128,0,0,1,128,1,128,0,0,1,128,1,128,0,0,1,128,1,128,0,0,1,128,1,128,0,0,1,128,1,255,255,255,255,128,1,255,255,255,255,128,0,0,0,0,0,0,0,0,0,0,0,0}
};

void setup() {
  display.begin(SSD1306_SWITCHCAPVCC, SCREEN_I2C_ADDR);
}

int frame = 0;
void loop() {
  display.clearDisplay();
  display.drawBitmap(40, 8, frames[frame], FRAME_WIDTH, FRAME_HEIGHT, 1);
  display.display();
  frame = (frame + 1) % FRAME_COUNT;
  delay(FRAME_DELAY);
}