#include <Adafruit_GFX.h>
#include <Adafruit_SSD1306.h>

#define SCREEN_I2C_ADDR 0x3D // or 0x3C
#define SCREEN_WIDTH 128     // OLED display width, in pixels
#define SCREEN_HEIGHT 64     // OLED display height, in pixels
#define OLED_RST_PIN -1      // Reset pin (-1 if not available)

Adafruit_SSD1306 display(128, 64, &Wire, OLED_RST_PIN);

// OLED Animation: design
// Code auto-generated by https://wokwi.com/animator, graphics by icons8.com

#define FRAME_DELAY (42)
#define FRAME_WIDTH (48)
#define FRAME_HEIGHT (48)
#define FRAME_COUNT (sizeof(frames) / sizeof(frames[0]))
const byte PROGMEM frames[][288] = {
  {0,0,0,0,0,0,0,96,0,0,0,0,0,240,0,0,1,240,1,184,0,0,3,248,3,28,0,0,7,252,6,14,0,0,13,252,12,15,0,0,24,252,24,31,128,0,48,124,48,1,192,0,96,56,96,3,224,0,192,56,112,7,112,1,128,112,56,2,56,3,0,224,28,0,124,6,1,192,14,0,110,12,3,128,7,0,15,24,7,0,3,128,15,176,14,0,1,192,25,224,28,0,0,224,1,192,56,0,0,112,3,128,112,0,0,56,3,0,224,0,0,28,6,1,192,0,0,14,12,3,128,0,0,7,24,7,0,0,0,3,240,14,0,0,0,1,224,28,64,0,0,0,192,56,224,0,0,1,128,112,240,0,0,3,0,225,248,0,0,6,1,193,28,0,0,12,3,128,62,0,0,24,7,0,55,0,0,48,14,0,3,128,0,96,28,64,7,192,0,192,56,224,14,224,1,128,112,112,4,240,3,0,224,56,0,248,6,1,192,28,0,156,12,3,128,14,0,14,12,7,0,7,0,6,30,14,0,3,128,12,31,28,0,1,192,24,31,184,0,0,224,48,31,240,0,0,112,96,63,224,0,0,56,192,62,0,0,0,29,128,48,0,0,0,15,0,0,0,0,0,6,0,0,0,0,0,0,0},
  {0,0,0,0,0,0,0,96,0,0,0,0,0,240,0,0,1,240,1,184,0,0,3,248,3,28,0,0,7,252,6,14,0,0,13,252,12,15,0,0,24,252,24,31,128,0,48,124,48,1,192,0,96,56,96,3,224,0,192,56,112,7,112,1,128,112,56,2,56,3,0,224,28,0,124,6,1,192,14,0,110,12,3,128,7,0,15,24,7,0,3,128,15,176,14,0,1,192,25,224,28,0,0,224,1,192,56,0,0,112,3,128,112,0,0,56,3,0,224,0,0,28,6,1,192,0,0,14,12,3,128,0,0,7,24,7,0,0,0,3,240,14,0,0,0,1,224,28,64,0,0,0,192,56,224,0,0,1,128,112,240,0,0,3,0,225,248,0,0,6,1,193,28,0,0,12,3,128,62,0,0,24,7,0,55,0,0,48,14,0,3,128,0,96,28,64,7,192,0,192,56,224,14,224,1,128,112,112,4,240,3,0,224,56,0,248,6,1,192,28,0,156,12,3,128,14,0,14,12,7,0,7,0,6,30,14,0,3,128,12,31,28,0,1,192,24,31,184,0,0,224,48,31,240,0,0,112,96,63,224,0,0,56,192,62,0,0,0,29,128,48,0,0,0,15,0,0,0,0,0,6,0,0,0,0,0,0,0},
  {0,0,0,0,0,0,0,96,0,0,0,0,0,240,0,0,1,240,1,184,0,0,3,248,3,28,0,0,7,252,6,14,0,0,13,252,12,15,0,0,24,252,24,31,128,0,48,124,48,1,192,0,96,56,96,3,224,0,192,56,112,7,112,1,128,112,56,2,56,3,0,224,28,0,124,6,1,192,14,0,110,12,3,128,7,0,15,24,7,0,3,128,15,176,14,0,1,192,25,224,28,0,0,224,1,192,56,0,0,112,3,128,112,0,0,56,3,0,224,0,0,28,6,1,192,0,0,14,12,3,128,0,0,7,24,7,0,0,0,3,240,14,0,0,0,1,224,28,64,0,0,0,192,56,224,0,0,1,128,112,240,0,0,3,0,225,248,0,0,6,1,193,28,0,0,12,3,128,62,0,0,24,7,0,55,0,0,48,14,0,3,128,0,96,28,64,7,192,0,192,56,224,14,224,1,128,112,112,4,240,3,0,224,56,0,248,6,1,192,28,0,156,12,3,128,14,0,14,12,7,0,7,0,6,30,14,0,3,128,12,31,28,0,1,192,24,31,184,0,0,224,48,31,240,0,0,112,96,63,224,0,0,56,192,62,0,0,0,29,128,48,0,0,0,15,0,0,0,0,0,6,0,0,0,0,0,0,0},
  {0,0,0,0,0,0,0,96,0,0,0,0,0,240,0,0,1,240,1,184,0,0,3,248,3,28,0,0,7,252,6,14,0,0,13,252,12,15,0,0,24,252,24,31,128,0,48,124,48,1,192,0,96,56,96,3,224,0,192,56,112,7,112,1,128,112,56,2,56,3,0,224,28,0,124,6,1,192,14,0,110,12,3,128,7,0,15,24,7,0,3,128,15,176,14,0,1,192,25,224,28,0,0,224,1,192,56,0,0,112,3,128,112,0,0,56,3,0,224,0,0,28,6,1,192,0,0,14,12,3,128,0,0,7,24,7,0,0,0,3,240,14,0,0,0,1,224,28,64,0,0,0,192,56,224,0,0,1,128,112,240,0,0,3,0,225,248,0,0,6,1,193,28,0,0,12,3,128,62,0,0,24,7,0,55,0,0,48,14,0,3,128,0,96,28,64,7,192,0,192,56,224,14,224,1,128,112,112,4,240,3,0,224,56,0,248,6,1,192,28,0,156,12,3,128,14,0,14,12,7,0,7,0,6,30,14,0,3,128,12,31,28,0,1,192,24,31,184,0,0,224,48,31,240,0,0,112,96,63,224,0,0,56,192,62,0,0,0,29,128,48,0,0,0,15,0,0,0,0,0,6,0,0,0,0,0,0,0},
  {0,0,0,0,0,0,0,0,0,0,0,0,0,0,0,0,0,0,0,0,0,0,0,0,0,0,0,0,1,240,0,0,0,0,7,248,0,0,0,0,15,252,0,0,0,0,29,252,0,0,0,0,56,252,3,128,0,0,112,124,3,192,0,0,224,56,6,240,0,1,128,48,12,56,0,3,0,96,28,60,0,14,0,192,24,47,0,28,3,128,48,7,128,56,7,0,112,13,192,112,14,0,96,12,240,224,28,0,112,1,249,192,56,0,28,0,31,128,112,0,14,0,30,0,224,0,7,128,60,1,128,0,1,192,56,3,0,0,0,224,112,14,0,0,0,56,224,28,0,0,0,29,192,56,0,0,0,15,128,113,0,0,0,7,0,227,192,0,0,14,1,196,224,0,0,24,3,128,240,0,0,48,6,1,156,0,0,224,12,1,30,0,1,192,56,0,63,0,3,128,113,128,3,192,7,0,225,192,7,224,6,1,192,112,6,120,7,3,128,56,0,124,15,135,0,30,0,78,15,206,0,7,0,7,15,248,0,3,128,6,31,240,0,0,224,12,31,192,0,0,112,24,24,0,0,0,56,56,0,0,0,0,14,48,0,0,0,0,7,96,0,0,0,0,3,224,0,0,0,0,0,192,0,0,0,0,0,0},
  {0,0,0,0,0,0,0,0,0,0,0,0,0,0,0,0,0,0,0,0,0,0,0,0,0,0,0,0,0,0,0,0,0,0,0,192,0,0,0,0,3,240,0,0,0,0,7,248,0,0,0,0,31,248,0,0,0,0,57,252,0,0,0,0,112,252,0,0,0,0,224,120,0,0,0,1,128,56,0,0,0,7,0,112,0,0,0,14,0,224,0,0,0,28,1,192,0,0,0,48,7,0,7,0,0,224,14,0,7,192,1,192,28,0,12,240,3,128,56,0,8,252,7,0,224,0,24,223,28,1,192,0,48,31,248,3,128,0,48,25,240,7,0,0,96,3,224,12,0,0,112,3,128,56,0,0,60,7,0,112,0,0,15,14,0,224,0,0,3,252,1,128,0,0,0,240,7,14,0,0,0,224,14,15,128,0,1,192,28,13,224,0,1,128,56,1,248,0,3,128,224,1,158,0,3,193,192,0,31,128,7,227,143,0,3,224,7,247,3,192,3,120,7,252,0,240,6,126,15,248,0,60,0,38,15,0,0,15,0,6,0,0,0,3,192,12,0,0,0,0,240,12,0,0,0,0,60,24,0,0,0,0,14,24,0,0,0,0,3,176,0,0,0,0,0,240,0,0,0,0,0,96,0,0,0,0,0,0},
  {0,0,0,0,0,0,0,0,0,0,0,0,0,0,0,0,0,0,0,0,0,7,192,0,0,0,0,15,224,0,0,0,0,31,224,0,0,0,0,63,240,0,0,0,0,115,240,0,0,0,0,97,240,0,0,0,0,192,224,0,0,0,1,128,96,0,0,0,3,128,192,0,0,0,7,1,128,0,0,0,6,3,128,0,0,0,12,7,0,0,0,0,24,6,0,0,0,0,56,12,0,0,0,0,112,24,0,0,0,0,96,48,0,0,0,0,192,112,0,0,0,1,128,96,0,0,0,3,0,192,0,0,0,7,1,128,0,0,0,6,3,0,0,0,0,12,7,0,0,0,15,24,14,0,0,0,15,240,12,0,0,0,9,240,24,0,0,0,25,224,48,0,0,0,24,192,112,0,0,0,17,128,231,0,0,0,51,0,199,224,0,0,63,1,132,252,0,0,62,3,0,223,128,0,7,7,0,201,240,0,7,206,0,1,190,0,7,252,0,1,63,192,15,249,240,0,19,248,15,240,62,0,6,126,15,128,7,192,2,100,14,0,0,248,0,12,0,0,0,31,0,12,0,0,0,3,224,8,0,0,0,0,124,24,0,0,0,0,15,152,0,0,0,0,1,240,0,0,0,0,0,48,0,0,0,0,0,0},
  {0,0,0,0,0,0,0,0,0,0,0,0,0,0,31,0,0,0,0,0,63,192,0,0,0,0,127,192,0,0,0,0,127,192,0,0,0,0,207,192,0,0,0,0,195,192,0,0,0,1,128,192,0,0,0,1,129,128,0,0,0,3,1,128,0,0,0,3,3,0,0,0,0,6,3,0,0,0,0,6,6,0,0,0,0,12,6,0,0,0,0,12,12,0,0,0,0,24,12,0,0,0,0,24,24,0,0,0,0,48,24,0,0,0,0,48,48,0,0,0,0,96,48,0,0,0,0,96,96,0,0,0,0,192,96,0,0,0,0,192,192,0,0,0,1,128,192,0,0,0,1,129,128,0,0,0,3,1,128,0,0,0,3,3,0,0,0,0,6,7,0,0,0,0,6,6,0,0,0,0,12,14,0,0,0,0,60,12,0,0,0,0,56,28,0,0,0,0,60,25,128,0,0,0,63,59,255,0,0,0,127,244,255,252,0,0,127,224,204,255,240,0,127,192,204,153,255,192,127,128,1,153,159,255,126,0,0,1,153,63,127,240,0,0,3,50,1,255,192,0,1,6,0,7,255,0,0,6,0,0,31,254,0,6,0,0,0,127,248,6,0,0,0,0,255,230,0,0,0,0,3,252,0,0,0,0,0,12},
  {0,0,0,0,0,0,0,30,0,0,0,0,0,127,0,0,0,0,0,127,128,0,0,0,0,255,128,0,0,0,0,255,128,0,0,0,0,207,128,0,0,0,1,129,128,0,0,0,1,129,128,0,0,0,1,131,0,0,0,0,3,3,0,0,0,0,3,3,0,0,0,0,3,3,0,0,0,0,3,6,0,0,0,0,6,6,0,0,0,0,6,6,0,0,0,0,6,6,0,0,0,0,6,12,0,0,0,0,12,12,0,0,0,0,12,12,0,0,0,0,12,8,0,0,0,0,8,24,0,0,0,0,24,24,0,0,0,0,24,24,0,0,0,0,24,48,0,0,0,0,48,48,0,0,0,0,48,48,0,0,0,0,48,48,0,0,0,0,48,96,0,0,0,0,96,96,0,0,0,0,96,96,0,0,0,0,112,96,0,0,0,0,126,192,0,0,0,0,63,192,0,0,0,0,63,128,0,0,0,0,63,0,0,0,0,0,62,0,0,0,0,0,28,0,0,0,0,0,255,255,255,255,255,255,255,255,255,255,255,255,219,153,153,153,153,155,217,153,153,153,153,155,193,129,129,129,129,131,192,0,0,0,0,3,192,0,0,0,0,3,192,0,0,0,0,3,255,255,255,255,255,255,255,255,255,255,255,255},
  {0,0,0,0,0,0,0,1,240,0,0,0,0,3,248,0,0,0,0,7,248,0,0,0,0,7,252,0,0,0,0,15,252,0,0,0,0,12,124,0,0,0,0,12,12,0,0,0,0,12,24,0,0,0,0,24,24,0,0,0,0,24,24,0,0,0,0,24,24,0,0,0,0,24,48,0,0,0,0,48,48,0,0,0,0,48,48,0,0,0,0,48,48,0,0,0,0,48,96,0,0,0,0,96,96,0,0,0,0,96,96,0,0,0,0,96,64,0,0,0,0,96,192,0,0,0,0,192,192,0,0,0,0,192,192,0,0,0,0,192,128,0,0,0,0,193,128,0,0,0,1,129,128,0,0,0,1,129,128,0,0,0,1,131,0,0,0,0,1,3,0,0,0,0,3,3,0,0,0,0,3,3,0,0,0,0,3,134,0,0,0,0,3,246,0,0,0,0,1,254,0,0,0,0,1,252,0,0,0,0,1,248,0,0,0,0,1,240,0,0,0,0,0,224,0,0,0,0,255,255,255,255,255,255,255,255,255,255,255,255,219,153,153,153,153,155,217,153,153,153,153,155,193,129,129,129,129,131,192,0,0,0,0,3,192,0,0,0,0,3,192,0,0,0,0,3,255,255,255,255,255,255,255,255,255,255,255,255},
  {0,0,0,0,0,0,0,0,31,0,0,0,0,0,63,128,0,0,0,0,63,192,0,0,0,0,63,192,0,0,0,0,127,192,0,0,0,0,99,192,0,0,0,0,96,192,0,0,0,0,192,192,0,0,0,0,192,192,0,0,0,0,192,128,0,0,0,0,193,128,0,0,0,1,129,128,0,0,0,1,129,128,0,0,0,1,129,0,0,0,0,1,131,0,0,0,0,3,3,0,0,0,0,3,3,0,0,0,0,3,3,0,0,0,0,3,6,0,0,0,0,6,6,0,0,0,0,6,6,0,0,0,0,6,6,0,0,0,0,6,12,0,0,0,0,12,12,0,0,0,0,12,12,0,0,0,0,12,12,0,0,0,0,12,24,0,0,0,0,24,24,0,0,0,0,24,24,0,0,0,0,24,24,0,0,0,0,24,48,0,0,0,0,31,176,0,0,0,0,31,240,0,0,0,0,15,224,0,0,0,0,15,192,0,0,0,0,15,128,0,0,0,0,7,0,0,0,0,255,255,255,255,255,255,255,255,255,255,255,255,219,153,153,153,153,155,217,153,153,153,153,155,193,129,129,129,129,131,192,0,0,0,0,3,192,0,0,0,0,3,192,0,0,0,0,3,255,255,255,255,255,255,255,255,255,255,255,255},
  {0,0,0,0,0,0,0,0,0,248,0,0,0,0,1,252,0,0,0,0,1,254,0,0,0,0,3,254,0,0,0,0,3,254,0,0,0,0,2,30,0,0,0,0,6,6,0,0,0,0,6,6,0,0,0,0,6,12,0,0,0,0,6,12,0,0,0,0,12,12,0,0,0,0,12,12,0,0,0,0,12,8,0,0,0,0,12,24,0,0,0,0,24,24,0,0,0,0,24,24,0,0,0,0,24,24,0,0,0,0,24,48,0,0,0,0,48,48,0,0,0,0,48,48,0,0,0,0,48,48,0,0,0,0,48,96,0,0,0,0,32,96,0,0,0,0,96,96,0,0,0,0,96,96,0,0,0,0,96,192,0,0,0,0,96,192,0,0,0,0,192,192,0,0,0,0,192,192,0,0,0,0,192,128,0,0,0,0,193,128,0,0,0,0,253,128,0,0,0,0,255,128,0,0,0,0,127,0,0,0,0,0,126,0,0,0,0,0,124,0,0,0,0,0,56,0,0,0,255,255,255,255,255,255,255,255,255,255,255,255,219,153,153,153,153,155,217,153,153,153,153,155,193,129,129,129,129,131,192,0,0,0,0,3,192,0,0,0,0,3,192,0,0,0,0,3,255,255,255,255,255,255,255,255,255,255,255,255},
  {0,0,0,0,0,0,0,0,0,7,192,0,0,0,0,15,224,0,0,0,0,31,224,0,0,0,0,31,240,0,0,0,0,63,240,0,0,0,0,48,240,0,0,0,0,48,32,0,0,0,0,48,96,0,0,0,0,96,96,0,0,0,0,96,96,0,0,0,0,96,96,0,0,0,0,96,192,0,0,0,0,96,192,0,0,0,0,192,192,0,0,0,0,192,192,0,0,0,0,192,128,0,0,0,0,193,128,0,0,0,1,129,128,0,0,0,1,129,128,0,0,0,1,129,128,0,0,0,1,131,0,0,0,0,1,131,0,0,0,0,3,3,0,0,0,0,3,3,0,0,0,0,3,2,0,0,0,0,3,6,0,0,0,0,6,6,0,0,0,0,6,6,0,0,0,0,6,6,0,0,0,0,6,12,0,0,0,0,6,12,0,0,0,0,7,236,0,0,0,0,7,252,0,0,0,0,3,248,0,0,0,0,3,240,0,0,0,0,3,224,0,0,0,0,3,192,0,0,255,255,255,255,255,255,255,255,255,255,255,255,219,153,153,153,153,155,217,153,153,153,153,155,193,129,129,129,129,131,192,0,0,0,0,3,192,0,0,0,0,3,192,0,0,0,0,3,255,255,255,255,255,255,255,255,255,255,255,255},
  {0,0,0,0,0,0,0,0,0,0,124,0,0,0,0,0,254,0,0,0,0,0,255,0,0,0,0,1,255,0,0,0,0,1,255,0,0,0,0,1,135,0,0,0,0,1,131,0,0,0,0,3,3,0,0,0,0,3,3,0,0,0,0,3,3,0,0,0,0,3,6,0,0,0,0,2,6,0,0,0,0,6,6,0,0,0,0,6,6,0,0,0,0,6,4,0,0,0,0,6,12,0,0,0,0,12,12,0,0,0,0,12,12,0,0,0,0,12,12,0,0,0,0,12,24,0,0,0,0,12,24,0,0,0,0,24,24,0,0,0,0,24,24,0,0,0,0,24,24,0,0,0,0,24,48,0,0,0,0,16,48,0,0,0,0,48,48,0,0,0,0,48,48,0,0,0,0,48,32,0,0,0,0,48,96,0,0,0,0,48,96,0,0,0,0,63,96,0,0,0,0,63,224,0,0,0,0,63,192,0,0,0,0,31,128,0,0,0,0,31,0,0,0,0,0,30,0,0,255,255,255,255,255,255,255,255,255,255,255,255,219,153,153,153,153,155,217,153,153,153,153,155,193,129,129,129,129,131,192,0,0,0,0,3,192,0,0,0,0,3,192,0,0,0,0,3,255,255,255,255,255,255,255,255,255,255,255,255},
  {0,0,0,0,0,0,0,0,0,0,3,224,0,0,0,0,7,240,0,0,0,0,15,248,0,0,0,0,15,248,0,0,0,0,15,248,0,0,0,0,24,56,0,0,0,0,24,24,0,0,0,0,24,24,0,0,0,0,24,48,0,0,0,0,24,48,0,0,0,0,48,48,0,0,0,0,48,48,0,0,0,0,48,48,0,0,0,0,48,96,0,0,0,0,48,96,0,0,0,0,96,96,0,0,0,0,96,96,0,0,0,0,96,96,0,0,0,0,96,192,0,0,0,0,96,192,0,0,0,0,192,192,0,0,0,0,192,192,0,0,0,0,192,192,0,0,0,0,193,128,0,0,0,0,193,128,0,0,0,1,129,128,0,0,0,1,129,128,0,0,0,1,129,128,0,0,0,1,131,0,0,0,0,1,131,0,0,0,0,3,131,0,0,0,0,1,255,0,0,0,0,1,254,0,0,0,0,1,254,0,0,0,0,0,252,0,0,0,0,0,248,0,0,0,0,0,240,0,255,255,255,255,255,255,255,255,255,255,255,255,219,153,153,153,153,155,217,153,153,153,153,155,193,129,129,129,129,131,192,0,0,0,0,3,192,0,0,0,0,3,192,0,0,0,0,3,255,255,255,255,255,255,255,255,255,255,255,255},
  {0,0,0,0,0,0,0,0,0,0,31,0,0,0,0,0,63,128,0,0,0,0,127,192,0,0,0,0,127,192,0,0,0,0,127,192,0,0,0,0,65,192,0,0,0,0,192,192,0,0,0,0,192,192,0,0,0,0,192,128,0,0,0,0,193,128,0,0,0,0,193,128,0,0,0,1,129,128,0,0,0,1,129,128,0,0,0,1,129,128,0,0,0,1,131,0,0,0,0,1,131,0,0,0,0,3,3,0,0,0,0,3,3,0,0,0,0,3,3,0,0,0,0,3,6,0,0,0,0,3,6,0,0,0,0,2,6,0,0,0,0,6,6,0,0,0,0,6,6,0,0,0,0,6,4,0,0,0,0,6,12,0,0,0,0,4,12,0,0,0,0,12,12,0,0,0,0,12,12,0,0,0,0,12,8,0,0,0,0,12,24,0,0,0,0,15,216,0,0,0,0,15,248,0,0,0,0,7,240,0,0,0,0,7,224,0,0,0,0,7,192,0,0,0,0,3,128,0,255,255,255,255,255,255,255,255,255,255,255,255,219,153,153,153,153,155,217,153,153,153,153,155,193,129,129,129,129,131,192,0,0,0,0,3,192,0,0,0,0,3,192,0,0,0,0,3,255,255,255,255,255,255,255,255,255,255,255,255},
  {0,0,0,0,0,0,0,0,0,1,248,0,0,0,0,3,252,0,0,0,0,3,252,0,0,0,0,7,252,0,0,0,0,7,254,0,0,0,0,6,28,0,0,0,0,6,12,0,0,0,0,6,12,0,0,0,0,12,12,0,0,0,0,12,12,0,0,0,0,12,12,0,0,0,0,12,24,0,0,0,0,12,24,0,0,0,0,8,24,0,0,0,0,24,24,0,0,0,0,24,24,0,0,0,0,24,16,0,0,0,0,24,48,0,0,0,0,24,48,0,0,0,0,48,48,0,0,0,0,48,48,0,0,0,0,48,48,0,0,0,0,48,32,0,0,0,0,48,96,0,0,0,0,32,96,0,0,0,0,96,96,0,0,0,0,96,96,0,0,0,0,96,64,0,0,0,0,96,192,0,0,0,0,96,192,0,0,0,0,96,192,0,0,0,0,127,192,0,0,0,0,127,192,0,0,0,0,127,128,0,0,0,0,63,0,0,0,0,0,62,0,0,0,0,0,28,0,0,255,255,255,255,255,255,255,255,255,255,255,255,219,153,153,153,153,155,217,153,153,153,153,155,193,129,129,129,129,131,192,0,0,0,0,3,192,0,0,0,0,3,192,0,0,0,0,3,255,255,255,255,255,255,255,255,255,255,255,255},
  {0,0,0,0,0,0,0,0,0,15,128,0,0,0,0,31,192,0,0,0,0,63,224,0,0,0,0,63,224,0,0,0,0,63,224,0,0,0,0,96,224,0,0,0,0,96,96,0,0,0,0,96,96,0,0,0,0,96,192,0,0,0,0,96,192,0,0,0,0,64,192,0,0,0,0,192,192,0,0,0,0,192,192,0,0,0,0,192,192,0,0,0,0,193,128,0,0,0,0,193,128,0,0,0,0,129,128,0,0,0,1,129,128,0,0,0,1,129,128,0,0,0,1,129,0,0,0,0,1,131,0,0,0,0,1,131,0,0,0,0,1,3,0,0,0,0,3,3,0,0,0,0,3,3,0,0,0,0,3,2,0,0,0,0,3,6,0,0,0,0,3,6,0,0,0,0,2,6,0,0,0,0,6,6,0,0,0,0,6,6,0,0,0,0,7,252,0,0,0,0,3,252,0,0,0,0,3,248,0,0,0,0,1,248,0,0,0,0,1,240,0,0,0,0,1,224,0,0,255,255,255,255,255,255,255,255,255,255,255,255,219,153,153,153,153,155,217,153,153,153,153,155,193,129,129,129,129,131,192,0,0,0,0,3,192,0,0,0,0,3,192,0,0,0,0,3,255,255,255,255,255,255,255,255,255,255,255,255},
  {0,0,0,0,0,0,0,0,0,248,0,0,0,0,1,254,0,0,0,0,1,254,0,0,0,0,3,254,0,0,0,0,3,254,0,0,0,0,3,14,0,0,0,0,3,6,0,0,0,0,2,6,0,0,0,0,6,6,0,0,0,0,6,6,0,0,0,0,6,4,0,0,0,0,6,12,0,0,0,0,6,12,0,0,0,0,4,12,0,0,0,0,12,12,0,0,0,0,12,12,0,0,0,0,12,12,0,0,0,0,12,24,0,0,0,0,12,24,0,0,0,0,12,24,0,0,0,0,24,24,0,0,0,0,24,24,0,0,0,0,24,24,0,0,0,0,24,16,0,0,0,0,24,48,0,0,0,0,24,48,0,0,0,0,16,48,0,0,0,0,48,48,0,0,0,0,48,48,0,0,0,0,48,32,0,0,0,0,48,96,0,0,0,0,63,96,0,0,0,0,63,224,0,0,0,0,31,192,0,0,0,0,31,128,0,0,0,0,15,0,0,0,0,0,15,0,0,0,255,255,255,255,255,255,255,255,255,255,255,255,219,153,153,153,153,155,217,153,153,153,153,155,193,129,129,129,129,131,192,0,0,0,0,3,192,0,0,0,0,3,192,0,0,0,0,3,255,255,255,255,255,255,255,255,255,255,255,255},
  {0,0,0,0,0,0,0,0,0,0,0,0,0,0,0,0,0,0,0,0,0,7,192,0,0,0,0,15,224,0,0,0,0,31,240,0,0,0,0,31,240,0,0,0,0,51,240,0,0,0,0,48,240,0,0,0,0,96,112,0,0,0,0,96,96,0,0,0,0,192,224,0,0,0,1,192,192,0,0,0,1,129,128,0,0,0,3,129,128,0,0,0,3,3,0,0,0,0,6,3,0,0,0,0,6,6,0,0,0,0,12,6,0,0,0,0,12,12,0,0,0,0,24,12,0,0,0,0,24,24,0,0,0,0,48,24,0,0,0,0,48,48,0,0,0,0,96,48,0,0,0,0,96,96,0,0,0,0,192,224,0,0,0,0,192,192,0,0,0,1,129,192,0,0,0,1,129,128,0,0,0,3,131,0,0,0,0,1,227,0,0,0,0,1,254,0,0,0,0,1,254,0,0,0,0,1,252,0,0,0,0,1,240,0,0,0,0,1,224,0,0,0,0,1,128,0,0,0,255,255,255,255,255,255,255,255,255,255,255,255,219,153,153,153,153,155,217,153,153,153,153,155,193,129,129,129,129,131,192,0,0,0,0,3,192,0,0,0,0,3,192,0,0,0,0,3,255,255,255,255,255,255,255,255,255,255,255,255},
  {0,0,0,0,0,0,0,0,0,0,0,0,0,0,0,0,0,0,0,0,0,0,0,0,0,0,0,0,0,0,0,0,0,0,0,0,0,0,0,0,0,0,0,0,0,0,62,0,0,0,0,0,255,0,0,0,0,1,255,128,0,0,0,3,191,128,0,0,0,7,31,128,0,0,0,14,15,128,0,0,0,28,7,0,0,0,0,56,6,0,0,0,0,112,12,0,0,0,0,224,24,0,0,0,1,192,48,0,0,0,3,0,96,0,0,0,6,1,192,0,0,0,12,3,128,0,0,0,24,7,0,0,0,0,112,14,0,0,0,0,224,28,0,0,0,1,192,56,0,0,0,3,128,112,0,0,0,7,0,224,0,0,0,6,1,192,0,0,0,14,3,128,0,0,0,15,7,0,0,0,0,15,142,0,0,0,0,31,220,0,0,0,0,31,240,0,0,0,0,31,224,0,0,0,0,30,0,0,0,0,0,0,0,0,0,0,0,0,0,0,0,0,0,0,0,0,0,0,255,255,255,255,255,255,255,255,255,255,255,255,219,153,153,153,153,155,217,153,153,153,153,155,193,129,129,129,129,131,192,0,0,0,0,3,192,0,0,0,0,3,192,0,0,0,0,3,255,255,255,255,255,255,255,255,255,255,255,255},
  {0,0,0,0,0,0,0,0,0,0,0,0,0,0,0,0,0,0,0,0,0,0,0,0,0,0,0,0,0,0,0,0,0,0,0,0,0,0,0,0,0,0,0,0,0,0,0,0,0,0,0,0,0,0,0,0,0,0,0,0,0,0,0,0,0,0,0,0,0,0,0,0,0,0,0,0,7,224,0,0,0,0,31,240,0,0,0,0,123,240,0,0,0,1,225,248,0,0,0,7,129,248,0,0,0,62,0,248,0,0,0,248,0,240,0,0,3,224,0,240,0,0,15,0,3,192,0,0,60,0,15,0,0,1,240,0,124,0,0,7,192,1,240,0,0,15,0,7,192,0,0,12,0,30,0,0,0,30,0,120,0,0,0,62,3,224,0,0,0,63,15,128,0,0,0,127,62,0,0,0,0,255,240,0,0,0,0,31,192,0,0,0,0,0,0,0,0,0,0,0,0,0,0,0,0,0,0,0,0,0,0,0,0,0,0,0,0,0,0,0,0,0,0,0,0,0,0,0,255,255,255,255,255,255,255,255,255,255,255,255,219,153,153,153,153,155,217,153,153,153,153,155,193,129,129,129,129,131,192,0,0,0,0,3,192,0,0,0,0,3,192,0,0,0,0,3,255,255,255,255,255,255,255,255,255,255,255,255},
  {0,0,0,0,0,0,0,0,0,0,0,0,0,0,0,0,0,0,0,0,0,0,0,0,0,0,0,0,0,0,0,0,0,0,0,0,0,0,0,0,0,0,0,0,0,0,0,0,0,0,0,0,0,0,0,0,0,0,0,128,0,0,0,0,3,240,0,0,0,0,15,248,0,0,0,0,61,248,0,0,0,0,112,252,0,0,0,1,224,248,0,0,0,7,128,120,0,0,0,30,0,120,0,0,0,56,0,112,0,0,0,240,1,224,0,0,3,192,7,128,0,0,15,0,30,0,0,0,28,0,56,0,0,0,112,0,240,0,0,1,224,3,192,0,0,7,128,15,0,0,0,30,0,28,0,0,0,56,0,112,0,0,0,112,1,224,0,0,0,112,7,128,0,0,48,240,30,0,0,0,63,248,56,0,0,0,55,248,240,0,0,0,55,255,192,0,0,0,35,255,15,0,0,0,96,0,15,248,0,0,96,0,76,255,192,0,96,0,196,207,254,0,112,0,0,153,159,240,127,128,0,1,153,255,15,252,0,1,129,63,0,127,224,0,3,51,0,3,255,0,0,6,0,0,31,248,0,6,0,0,0,255,192,6,0,0,0,7,254,6,0,0,0,0,31,246,0,0,0,0,0,252,0,0,0,0,0,4},
  {0,0,0,0,0,0,0,0,0,0,0,0,0,0,0,0,0,0,0,0,0,0,0,0,0,0,0,0,0,0,0,0,0,0,0,0,0,0,0,0,0,0,0,0,0,0,0,224,0,0,0,0,3,248,0,0,0,0,15,252,0,0,0,0,29,252,0,0,0,0,56,252,0,0,0,0,224,124,0,0,0,1,192,60,0,0,0,7,0,56,0,0,0,14,0,112,0,0,0,56,1,192,0,0,0,112,3,128,0,0,0,224,7,0,0,0,3,128,28,0,0,0,7,0,56,0,7,0,28,0,224,0,7,192,56,1,192,0,12,240,224,7,0,0,12,255,192,14,0,0,8,31,0,60,0,0,24,30,0,112,0,0,24,60,0,224,0,0,48,112,3,128,0,0,60,224,7,0,0,0,15,128,28,56,0,0,3,128,56,95,0,0,3,192,224,207,192,0,3,225,192,9,248,0,7,243,128,1,190,0,7,254,16,3,55,128,15,252,60,0,19,240,7,0,15,128,6,124,0,0,1,224,2,78,0,0,0,124,0,12,0,0,0,15,0,12,0,0,0,3,224,24,0,0,0,0,120,24,0,0,0,0,30,16,0,0,0,0,7,240,0,0,0,0,0,240,0,0,0,0,0,32,0,0,0,0,0,0},
  {0,0,0,0,0,0,0,0,0,0,0,0,0,0,0,0,0,0,0,0,0,0,0,0,0,0,0,0,0,0,0,0,0,0,1,240,0,0,0,0,7,248,0,0,0,0,15,252,0,0,0,0,28,252,0,0,0,0,56,124,0,0,0,0,96,60,3,0,0,1,192,56,3,192,0,3,128,56,6,224,0,7,0,96,12,120,0,14,1,192,12,124,0,24,3,128,24,47,0,112,7,0,48,15,128,224,14,0,48,12,225,192,24,0,96,8,243,128,112,0,56,0,158,0,224,0,28,0,28,1,192,0,7,0,56,3,128,0,3,128,112,7,0,0,0,224,224,28,0,0,0,113,192,56,0,0,0,31,0,112,0,0,0,14,0,227,0,0,0,28,1,199,192,0,0,56,7,0,224,0,0,112,14,1,248,0,1,192,28,1,156,0,3,128,56,0,31,0,7,0,113,0,19,128,6,1,195,192,3,224,7,3,128,224,6,112,15,135,0,120,0,124,15,206,0,28,0,78,31,252,0,15,0,6,31,240,0,3,128,14,31,192,0,1,224,12,0,0,0,0,112,24,0,0,0,0,60,56,0,0,0,0,14,48,0,0,0,0,7,224,0,0,0,0,1,224,0,0,0,0,0,192,0,0,0,0,0,0},
  {0,0,0,0,0,0,0,96,0,0,0,0,0,240,0,0,1,240,1,184,0,0,3,248,3,28,0,0,7,252,6,14,0,0,13,252,12,15,0,0,24,252,24,31,128,0,48,124,48,1,192,0,96,56,96,3,224,0,192,56,112,7,112,1,128,112,56,2,56,3,0,224,28,0,124,6,1,192,14,0,110,12,3,128,7,0,15,24,7,0,3,128,15,176,14,0,1,192,25,224,28,0,0,224,1,192,56,0,0,112,3,128,112,0,0,56,3,0,224,0,0,28,6,1,192,0,0,14,12,3,128,0,0,7,24,7,0,0,0,3,240,14,0,0,0,1,224,28,64,0,0,0,192,56,224,0,0,1,128,112,240,0,0,3,0,225,248,0,0,6,1,193,28,0,0,12,3,128,62,0,0,24,7,0,55,0,0,48,14,0,3,128,0,96,28,64,7,192,0,192,56,224,14,224,1,128,112,112,4,240,3,0,224,56,0,248,6,1,192,28,0,156,12,3,128,14,0,14,12,7,0,7,0,6,30,14,0,3,128,12,31,28,0,1,192,24,31,184,0,0,224,48,31,240,0,0,112,96,63,224,0,0,56,192,62,0,0,0,29,128,48,0,0,0,15,0,0,0,0,0,6,0,0,0,0,0,0,0},
  {0,0,0,0,0,0,0,96,0,0,0,0,0,240,0,0,1,240,1,184,0,0,3,248,3,28,0,0,7,252,6,14,0,0,13,252,12,15,0,0,24,252,24,31,128,0,48,124,48,1,192,0,96,56,96,3,224,0,192,56,112,7,112,1,128,112,56,2,56,3,0,224,28,0,124,6,1,192,14,0,110,12,3,128,7,0,15,24,7,0,3,128,15,176,14,0,1,192,25,224,28,0,0,224,1,192,56,0,0,112,3,128,112,0,0,56,3,0,224,0,0,28,6,1,192,0,0,14,12,3,128,0,0,7,24,7,0,0,0,3,240,14,0,0,0,1,224,28,64,0,0,0,192,56,224,0,0,1,128,112,240,0,0,3,0,225,248,0,0,6,1,193,28,0,0,12,3,128,62,0,0,24,7,0,55,0,0,48,14,0,3,128,0,96,28,64,7,192,0,192,56,224,14,224,1,128,112,112,4,240,3,0,224,56,0,248,6,1,192,28,0,156,12,3,128,14,0,14,12,7,0,7,0,6,30,14,0,3,128,12,31,28,0,1,192,24,31,184,0,0,224,48,31,240,0,0,112,96,63,224,0,0,56,192,62,0,0,0,29,128,48,0,0,0,15,0,0,0,0,0,6,0,0,0,0,0,0,0},
  {0,0,0,0,0,0,0,96,0,0,0,0,0,240,0,0,1,240,1,184,0,0,3,248,3,28,0,0,7,252,6,14,0,0,13,252,12,15,0,0,24,252,24,31,128,0,48,124,48,1,192,0,96,56,96,3,224,0,192,56,112,7,112,1,128,112,56,2,56,3,0,224,28,0,124,6,1,192,14,0,110,12,3,128,7,0,15,24,7,0,3,128,15,176,14,0,1,192,25,224,28,0,0,224,1,192,56,0,0,112,3,128,112,0,0,56,3,0,224,0,0,28,6,1,192,0,0,14,12,3,128,0,0,7,24,7,0,0,0,3,240,14,0,0,0,1,224,28,64,0,0,0,192,56,224,0,0,1,128,112,240,0,0,3,0,225,248,0,0,6,1,193,28,0,0,12,3,128,62,0,0,24,7,0,55,0,0,48,14,0,3,128,0,96,28,64,7,192,0,192,56,224,14,224,1,128,112,112,4,240,3,0,224,56,0,248,6,1,192,28,0,156,12,3,128,14,0,14,12,7,0,7,0,6,30,14,0,3,128,12,31,28,0,1,192,24,31,184,0,0,224,48,31,240,0,0,112,96,63,224,0,0,56,192,62,0,0,0,29,128,48,0,0,0,15,0,0,0,0,0,6,0,0,0,0,0,0,0}
};

void setup() {
  display.begin(SSD1306_SWITCHCAPVCC, SCREEN_I2C_ADDR);
}

int frame = 0;
void loop() {
  display.clearDisplay();
  display.drawBitmap(40, 8, frames[frame], FRAME_WIDTH, FRAME_HEIGHT, 1);
  display.display();
  frame = (frame + 1) % FRAME_COUNT;
  delay(FRAME_DELAY);
}