#include <Adafruit_GFX.h>
#include <Adafruit_SSD1306.h>

#define SCREEN_I2C_ADDR 0x3D // or 0x3C
#define SCREEN_WIDTH 128     // OLED display width, in pixels
#define SCREEN_HEIGHT 64     // OLED display height, in pixels
#define OLED_RST_PIN -1      // Reset pin (-1 if not available)

Adafruit_SSD1306 display(128, 64, &Wire, OLED_RST_PIN);

// OLED Animation: home 2
// Code auto-generated by https://wokwi.com/animator, graphics by icons8.com

#define FRAME_DELAY (42)
#define FRAME_WIDTH (48)
#define FRAME_HEIGHT (48)
#define FRAME_COUNT (sizeof(frames) / sizeof(frames[0]))
const byte PROGMEM frames[][288] = {
  {0,0,0,0,0,0,0,0,0,0,0,0,0,0,1,128,0,0,0,0,3,192,0,0,0,0,7,224,0,0,0,0,28,56,0,0,0,0,56,28,0,0,0,0,112,14,0,0,0,1,224,7,128,0,0,3,128,1,192,0,0,7,0,0,224,0,0,14,0,0,112,0,0,56,0,0,28,0,0,112,0,0,14,0,0,224,0,0,7,0,3,192,0,0,3,192,7,0,0,0,0,224,14,0,0,0,0,112,28,0,0,0,0,56,124,0,0,0,0,62,108,0,0,0,0,54,12,0,0,0,0,48,12,0,0,0,0,48,12,0,0,0,0,48,12,0,0,0,0,48,12,0,0,0,0,48,12,0,0,0,0,48,12,0,127,254,0,48,12,0,127,254,0,48,12,0,96,6,0,48,12,0,96,6,0,48,12,0,96,6,0,48,12,0,96,6,0,48,12,0,96,6,0,48,12,0,96,6,0,48,12,0,96,6,0,48,12,0,96,6,0,48,12,0,96,6,0,48,12,0,96,6,0,48,12,0,96,6,0,48,12,0,96,6,0,48,12,0,96,6,0,48,12,0,96,6,0,48,12,0,96,6,0,48,12,0,96,6,0,48,15,255,255,255,255,240,15,255,255,255,255,240,0,0,0,0,0,0},
  {0,0,0,0,0,0,0,0,0,0,0,0,0,0,1,128,0,0,0,0,3,192,0,0,0,0,7,224,0,0,0,0,28,56,0,0,0,0,56,28,0,0,0,0,112,14,0,0,0,1,224,7,128,0,0,3,128,1,192,0,0,7,0,0,224,0,0,14,0,0,112,0,0,56,0,0,28,0,0,112,0,0,14,0,0,224,0,0,7,0,3,192,0,0,3,192,7,0,0,0,0,224,14,0,0,0,0,112,28,0,0,0,0,56,124,0,0,0,0,62,108,0,0,0,0,54,12,0,0,0,0,48,12,0,0,0,0,48,12,0,0,0,0,48,12,0,0,0,0,48,12,0,0,0,0,48,12,0,0,0,0,48,12,0,127,254,0,48,12,0,127,254,0,48,12,0,96,6,0,48,12,0,96,6,0,48,12,0,96,6,0,48,12,0,96,6,0,48,12,0,96,6,0,48,12,0,96,6,0,48,12,0,96,6,0,48,12,0,96,6,0,48,12,0,96,6,0,48,12,0,96,6,0,48,12,0,96,6,0,48,12,0,96,6,0,48,12,0,96,6,0,48,12,0,96,6,0,48,12,0,96,6,0,48,12,0,96,6,0,48,15,255,255,255,255,240,15,255,255,255,255,240,0,0,0,0,0,0},
  {0,0,0,0,0,0,0,0,0,0,0,0,0,0,1,128,0,0,0,0,3,192,0,0,0,0,7,224,0,0,0,0,28,56,0,0,0,0,56,28,0,0,0,0,112,14,0,0,0,1,224,7,128,0,0,3,128,1,192,0,0,7,0,0,224,0,0,14,0,0,112,0,0,56,0,0,28,0,0,112,0,0,14,0,0,224,0,0,7,0,3,192,0,0,3,192,7,0,0,0,0,224,14,0,0,0,0,112,28,0,0,0,0,56,124,0,0,0,0,62,108,0,0,0,0,54,12,0,0,0,0,48,12,0,0,0,0,48,12,0,0,0,0,48,12,0,0,0,0,48,12,0,0,0,0,48,12,0,0,0,0,48,12,0,127,254,0,48,12,0,127,254,0,48,12,0,96,6,0,48,12,0,96,6,0,48,12,0,96,6,0,48,12,0,96,6,0,48,12,0,96,6,0,48,12,0,96,6,0,48,12,0,96,6,0,48,12,0,96,6,0,48,12,0,96,6,0,48,12,0,96,6,0,48,12,0,96,6,0,48,12,0,96,6,0,48,12,0,96,6,0,48,12,0,96,6,0,48,12,0,96,6,0,48,12,0,96,6,0,48,15,255,255,255,255,240,15,255,255,255,255,240,0,0,0,0,0,0},
  {0,0,0,0,0,0,0,0,0,0,0,0,0,0,1,128,0,0,0,0,3,192,0,0,0,0,7,224,0,0,0,0,28,56,0,0,0,0,56,28,0,0,0,0,112,14,0,0,0,1,224,7,128,0,0,3,128,1,192,0,0,7,0,0,224,0,0,14,0,0,112,0,0,56,0,0,28,0,0,112,0,0,14,0,0,224,0,0,7,0,3,192,0,0,3,192,7,0,0,0,0,224,14,0,0,0,0,112,28,0,0,0,0,56,124,0,0,0,0,62,108,0,0,0,0,54,12,0,0,0,0,48,12,0,0,0,0,48,12,0,0,0,0,48,12,0,0,0,0,48,12,0,0,0,0,48,12,0,0,0,0,48,12,0,127,254,0,48,12,0,127,254,0,48,12,0,96,6,0,48,12,0,96,6,0,48,12,0,96,6,0,48,12,0,96,6,0,48,12,0,96,6,0,48,12,0,96,6,0,48,12,0,96,6,0,48,12,0,96,6,0,48,12,0,96,6,0,48,12,0,96,6,0,48,12,0,96,6,0,48,12,0,96,6,0,48,12,0,96,6,0,48,12,0,96,6,0,48,12,0,96,6,0,48,12,0,96,6,0,48,15,255,255,255,255,240,15,255,255,255,255,240,0,0,0,0,0,0},
  {0,0,0,0,0,0,0,0,0,0,0,0,0,0,0,0,0,0,0,0,3,192,0,0,0,0,7,224,0,0,0,0,14,112,0,0,0,0,60,60,0,0,0,0,112,14,0,0,0,0,224,7,0,0,0,3,192,3,192,0,0,7,0,0,224,0,0,14,0,0,112,0,0,28,0,0,56,0,0,120,0,0,30,0,0,224,0,0,7,0,1,192,0,0,3,128,7,128,0,0,1,224,14,0,0,0,0,112,28,0,0,0,0,56,124,0,0,0,0,62,124,0,0,0,0,62,12,0,0,0,0,48,12,0,0,0,0,48,12,0,0,0,0,48,12,0,0,0,0,48,12,0,0,0,0,48,12,0,0,0,0,48,12,0,63,252,0,48,12,0,127,254,0,48,12,0,96,6,0,48,12,0,96,6,0,48,12,0,96,6,0,48,12,0,96,6,0,48,12,0,96,6,0,48,12,0,96,6,0,48,12,0,96,6,0,48,12,0,96,6,0,48,12,0,96,6,0,48,12,0,96,6,0,48,12,0,96,6,0,48,12,0,96,6,0,48,12,0,96,6,0,48,12,0,96,6,0,48,12,0,96,6,0,48,12,0,96,6,0,48,15,255,255,255,255,240,15,255,255,255,255,240,0,0,0,0,0,0},
  {0,0,0,0,0,0,0,0,0,0,0,0,0,0,0,0,0,0,0,0,0,0,0,0,0,0,1,128,0,0,0,0,3,192,0,0,0,0,15,112,0,0,0,0,28,56,0,0,0,0,120,30,0,0,0,0,224,7,0,0,0,1,192,3,128,0,0,7,0,0,224,0,0,14,0,0,112,0,0,60,0,0,60,0,0,112,0,0,14,0,1,224,0,0,7,128,3,128,0,0,1,192,7,0,0,0,0,224,28,0,0,0,0,56,60,0,0,0,0,60,124,0,0,0,0,62,76,0,0,0,0,50,12,0,0,0,0,48,12,0,0,0,0,48,12,0,0,0,0,48,12,0,0,0,0,48,12,0,0,0,0,48,12,0,31,248,0,48,12,0,127,254,0,48,12,0,127,254,0,48,12,0,96,6,0,48,12,0,96,6,0,48,12,0,96,6,0,48,12,0,96,6,0,48,12,0,96,6,0,48,12,0,96,6,0,48,12,0,96,6,0,48,12,0,96,6,0,48,12,0,96,6,0,48,12,0,96,6,0,48,12,0,96,6,0,48,12,0,96,6,0,48,12,0,96,6,0,48,12,0,96,6,0,48,12,0,96,6,0,48,15,255,255,255,255,240,15,255,255,255,255,240,0,0,0,0,0,0},
  {0,0,0,0,0,0,0,0,0,0,0,0,0,0,0,0,0,0,0,0,0,0,0,0,0,0,0,0,0,0,0,0,0,0,0,0,0,0,1,128,0,0,0,0,7,224,0,0,0,0,14,112,0,0,0,0,60,60,0,0,0,0,240,15,0,0,0,1,224,7,128,0,0,7,128,1,224,0,0,15,0,0,112,0,0,60,0,0,60,0,0,112,0,0,14,0,1,224,0,0,7,128,3,128,0,0,1,224,15,0,0,0,0,240,60,0,0,0,0,60,124,0,0,0,0,62,236,0,0,0,0,55,8,0,0,0,0,48,8,0,0,0,0,16,24,0,0,0,0,24,24,0,0,0,0,24,24,0,0,0,0,24,24,0,0,0,0,24,24,0,63,252,0,24,24,0,127,254,0,24,24,0,96,6,0,24,24,0,96,6,0,24,24,0,96,6,0,24,24,0,96,6,0,24,24,0,96,6,0,24,24,0,96,6,0,24,24,0,96,6,0,24,24,0,96,6,0,24,24,0,96,6,0,24,24,0,96,6,0,24,8,0,96,6,0,16,8,0,96,6,0,16,12,0,96,6,0,48,12,0,96,6,0,48,12,0,96,6,0,48,15,255,255,255,255,240,15,255,255,255,255,240,0,0,0,0,0,0},
  {0,0,0,0,0,0,0,0,0,0,0,0,0,0,0,0,0,0,0,0,0,0,0,0,0,0,0,0,0,0,0,0,0,0,0,0,0,0,0,0,0,0,0,0,0,128,0,0,0,0,3,192,0,0,0,0,15,240,0,0,0,0,28,60,0,0,0,0,120,30,0,0,0,1,224,7,128,0,0,7,128,1,224,0,0,15,0,0,112,0,0,60,0,0,60,0,0,240,0,0,15,0,1,224,0,0,3,192,7,128,0,0,1,224,30,0,0,0,0,120,124,0,0,0,0,62,252,0,0,0,0,63,200,0,0,0,0,19,24,0,0,0,0,24,24,0,0,0,0,24,24,0,0,0,0,24,24,0,0,0,0,24,24,0,0,0,0,24,24,0,31,248,0,24,24,0,127,254,0,24,24,0,127,254,0,24,24,0,96,6,0,24,24,0,96,6,0,24,24,0,96,6,0,24,24,0,96,6,0,24,24,0,96,6,0,24,24,0,96,6,0,24,24,0,96,6,0,24,24,0,96,6,0,24,24,0,96,6,0,24,24,0,96,6,0,24,24,0,96,6,0,24,8,0,96,6,0,16,12,0,96,6,0,48,12,0,96,6,0,48,15,255,255,255,255,240,15,255,255,255,255,240,0,0,0,0,0,0},
  {0,0,0,0,0,0,0,0,0,0,0,0,0,0,0,0,0,0,0,0,0,0,0,0,0,0,0,0,0,0,0,0,0,0,0,0,0,0,0,0,0,0,0,0,0,0,0,0,0,0,1,128,0,0,0,0,7,224,0,0,0,0,30,120,0,0,0,0,60,30,0,0,0,0,240,15,0,0,0,3,192,3,192,0,0,15,0,0,240,0,0,30,0,0,60,0,0,120,0,0,30,0,1,224,0,0,7,128,7,128,0,0,1,224,15,0,0,0,0,112,60,0,0,0,0,60,252,0,0,0,0,63,204,0,0,0,0,51,24,0,0,0,0,16,24,0,0,0,0,24,24,0,0,0,0,24,24,0,0,0,0,24,24,0,0,0,0,24,24,0,0,0,0,24,24,0,127,254,0,24,24,0,127,254,0,24,24,0,96,6,0,24,24,0,96,6,0,24,24,0,96,6,0,24,24,0,96,6,0,24,24,0,96,6,0,24,24,0,96,6,0,24,24,0,96,6,0,24,24,0,96,6,0,24,24,0,96,6,0,24,24,0,96,6,0,24,24,0,96,6,0,24,8,0,96,6,0,16,12,0,96,6,0,48,12,0,96,6,0,48,15,255,255,255,255,240,15,255,255,255,255,240,0,0,0,0,0,0},
  {0,0,0,0,0,0,0,0,0,0,0,0,0,0,0,0,0,0,0,0,0,0,0,0,0,0,0,0,0,0,0,0,0,0,0,0,0,0,0,0,0,0,0,0,0,0,0,0,0,0,3,192,0,0,0,0,7,240,0,0,0,0,30,120,0,0,0,0,120,30,0,0,0,1,224,7,128,0,0,3,192,1,224,0,0,15,0,0,240,0,0,60,0,0,60,0,0,240,0,0,15,0,1,224,0,0,7,128,7,128,0,0,1,224,30,0,0,0,0,120,124,0,0,0,0,62,252,0,0,0,0,63,204,0,0,0,0,51,12,0,0,0,0,48,24,0,0,0,0,16,24,0,0,0,0,24,24,0,0,0,0,24,24,0,0,0,0,24,24,0,0,0,0,24,24,0,127,254,0,24,24,0,127,254,0,24,24,0,96,6,0,24,24,0,96,6,0,24,24,0,96,6,0,24,24,0,96,6,0,24,24,0,96,6,0,24,24,0,96,6,0,24,24,0,96,6,0,24,24,0,96,6,0,24,24,0,96,6,0,24,24,0,96,6,0,24,24,0,96,6,0,16,8,0,96,6,0,16,12,0,96,6,0,48,12,0,96,6,0,48,15,255,255,255,255,240,15,255,255,255,255,240,0,0,0,0,0,0},
  {0,0,0,0,0,0,0,0,0,0,0,0,0,0,0,0,0,0,0,0,0,0,0,0,0,0,0,0,0,0,0,0,0,0,0,0,0,0,0,0,0,0,0,0,1,128,0,0,0,0,7,224,0,0,0,0,30,120,0,0,0,0,60,28,0,0,0,0,240,15,0,0,0,3,192,3,192,0,0,7,128,0,224,0,0,30,0,0,120,0,0,120,0,0,30,0,0,240,0,0,7,0,3,192,0,0,3,192,15,0,0,0,0,240,28,0,0,0,0,60,124,0,0,0,0,62,236,0,0,0,0,55,12,0,0,0,0,48,12,0,0,0,0,48,12,0,0,0,0,48,12,0,0,0,0,48,12,0,0,0,0,48,8,0,0,0,0,16,8,0,63,252,0,16,8,0,127,254,0,16,24,0,96,6,0,16,24,0,96,6,0,24,24,0,96,6,0,24,24,0,96,6,0,24,24,0,96,6,0,24,24,0,96,6,0,24,24,0,96,6,0,24,24,0,96,6,0,24,24,0,96,6,0,24,24,0,96,6,0,24,24,0,96,6,0,24,8,0,96,6,0,16,8,0,96,6,0,16,12,0,96,6,0,48,12,0,96,6,0,48,15,255,255,255,255,240,15,255,255,255,255,240,0,0,0,0,0,0},
  {0,0,0,0,0,0,0,0,0,0,0,0,0,0,0,0,0,0,0,0,0,0,0,0,0,0,0,0,0,0,0,0,0,0,0,0,0,0,1,128,0,0,0,0,7,224,0,0,0,0,14,120,0,0,0,0,60,60,0,0,0,0,240,15,0,0,0,1,192,3,192,0,0,7,128,1,224,0,0,30,0,0,120,0,0,60,0,0,28,0,0,240,0,0,15,0,3,192,0,0,3,192,7,128,0,0,1,224,30,0,0,0,0,120,60,0,0,0,0,60,124,0,0,0,0,62,12,0,0,0,0,48,12,0,0,0,0,48,12,0,0,0,0,48,12,0,0,0,0,48,12,0,0,0,0,48,12,0,0,0,0,48,12,0,0,0,0,48,12,0,127,254,0,48,12,0,127,254,0,48,12,0,96,6,0,48,12,0,96,6,0,48,12,0,96,6,0,48,12,0,96,6,0,48,12,0,96,6,0,48,12,0,96,6,0,48,12,0,96,6,0,48,12,0,96,6,0,48,12,0,96,6,0,48,12,0,96,6,0,48,12,0,96,6,0,48,12,0,96,6,0,48,12,0,96,6,0,48,12,0,96,6,0,48,12,0,96,6,0,48,15,255,255,255,255,240,15,255,255,255,255,240,0,0,0,0,0,0},
  {0,0,0,0,0,0,0,0,0,0,0,0,0,0,0,0,0,0,0,0,0,0,0,0,0,0,0,0,0,0,0,0,3,192,0,0,0,0,7,224,0,0,0,0,30,120,0,0,0,0,56,28,0,0,0,0,240,15,0,0,0,1,192,3,192,0,0,7,128,1,224,0,0,14,0,0,120,0,0,60,0,0,60,0,0,240,0,0,15,0,1,192,0,0,3,128,7,128,0,0,1,224,14,0,0,0,0,120,60,0,0,0,0,60,124,0,0,0,0,62,44,0,0,0,0,52,12,0,0,0,0,48,12,0,0,0,0,32,12,0,0,0,0,48,12,0,0,0,0,48,12,0,0,0,0,48,12,0,0,0,0,48,12,0,63,252,0,48,12,0,127,254,0,48,12,0,96,6,0,48,12,0,96,6,0,48,12,0,96,6,0,48,12,0,96,6,0,48,12,0,96,6,0,48,12,0,96,6,0,48,12,0,96,6,0,48,12,0,96,6,0,48,12,0,96,6,0,48,12,0,96,6,0,48,12,0,96,6,0,48,12,0,96,6,0,48,12,0,96,6,0,48,12,0,96,6,0,48,12,0,96,6,0,48,12,0,96,6,0,48,15,255,255,255,255,240,15,255,255,255,255,240,0,0,0,0,0,0},
  {0,0,0,0,0,0,0,0,0,0,0,0,0,0,0,0,0,0,0,0,0,128,0,0,0,0,3,192,0,0,0,0,7,240,0,0,0,0,28,56,0,0,0,0,56,30,0,0,0,0,224,7,0,0,0,1,192,3,128,0,0,7,0,0,224,0,0,14,0,0,112,0,0,56,0,0,28,0,0,112,0,0,14,0,1,192,0,0,3,128,3,128,0,0,1,192,14,0,0,0,0,112,28,0,0,0,0,56,56,0,0,0,0,28,36,0,0,0,0,100,6,0,0,0,0,96,6,0,0,0,0,96,6,0,0,0,0,96,6,0,0,0,0,96,6,0,0,0,0,96,6,0,0,0,0,96,6,0,31,248,0,96,6,0,63,254,0,96,6,0,63,254,0,96,6,0,32,4,0,96,6,0,32,4,0,96,4,0,32,4,0,32,4,0,32,4,0,32,4,0,32,4,0,32,12,0,32,4,0,48,12,0,32,4,0,48,12,0,96,6,0,48,12,0,96,6,0,48,12,0,96,6,0,48,12,0,96,6,0,48,12,0,96,6,0,48,12,0,96,6,0,48,12,0,96,6,0,48,12,0,96,6,0,48,12,0,96,6,0,48,15,255,255,255,255,240,15,255,255,255,255,240,0,0,0,0,0,0},
  {0,0,0,0,0,0,0,0,0,0,0,0,0,0,1,128,0,0,0,0,7,224,0,0,0,0,15,112,0,0,0,0,28,60,0,0,0,0,120,30,0,0,0,0,224,7,0,0,0,3,192,3,192,0,0,7,0,0,224,0,0,14,0,0,120,0,0,60,0,0,28,0,0,112,0,0,15,0,1,224,0,0,7,128,3,128,0,0,1,192,7,0,0,0,0,240,28,0,0,0,0,56,56,0,0,0,0,28,20,0,0,0,0,32,6,0,0,0,0,96,6,0,0,0,0,96,6,0,0,0,0,96,6,0,0,0,0,96,6,0,0,0,0,96,6,0,0,0,0,96,6,0,0,0,0,96,6,0,63,252,0,96,6,0,63,254,0,96,6,0,32,4,0,96,6,0,48,4,0,96,6,0,48,12,0,96,6,0,48,12,0,96,6,0,48,12,0,96,6,0,48,12,0,96,6,0,32,12,0,96,6,0,32,4,0,96,4,0,32,4,0,32,4,0,32,4,0,32,12,0,96,4,0,48,12,0,96,6,0,48,12,0,96,6,0,48,12,0,96,6,0,48,12,0,96,6,0,48,12,0,96,6,0,48,12,0,96,6,0,48,15,255,255,255,255,240,15,255,255,255,255,240,0,0,0,0,0,0},
  {0,0,0,0,0,0,0,0,3,192,0,0,0,0,7,224,0,0,0,0,14,112,0,0,0,0,60,60,0,0,0,0,112,14,0,0,0,0,224,7,0,0,0,3,128,1,192,0,0,7,0,0,224,0,0,14,0,0,112,0,0,56,0,0,28,0,0,112,0,0,14,0,0,224,0,0,7,0,3,128,0,0,1,192,7,0,0,0,0,224,14,0,0,0,0,120,24,0,0,0,0,24,16,0,0,0,0,8,4,0,0,0,0,32,6,0,0,0,0,96,6,0,0,0,0,96,6,0,0,0,0,96,6,0,0,0,0,96,6,0,0,0,0,96,6,0,0,0,0,96,6,0,0,0,0,96,6,0,63,252,0,96,6,0,63,252,0,96,6,0,32,4,0,96,6,0,48,12,0,96,6,0,48,12,0,96,6,0,48,12,0,96,6,0,48,12,0,96,6,0,48,12,0,96,6,0,48,12,0,96,6,0,48,12,0,96,6,0,32,12,0,96,6,0,32,4,0,96,4,0,32,4,0,32,4,0,96,4,0,32,12,0,96,6,0,48,12,0,96,6,0,48,12,0,96,6,0,48,12,0,96,6,0,48,12,0,96,6,0,48,15,255,255,255,255,240,15,255,255,255,255,240,0,0,0,0,0,0},
  {0,0,0,0,0,0,0,0,0,0,0,0,0,0,0,128,0,0,0,0,3,192,0,0,0,0,7,224,0,0,0,0,28,56,0,0,0,0,56,28,0,0,0,0,240,7,0,0,0,1,192,3,128,0,0,7,128,1,224,0,0,14,0,0,112,0,0,60,0,0,60,0,0,112,0,0,14,0,1,224,0,0,7,128,3,192,0,0,1,192,7,0,0,0,0,224,30,0,0,0,0,56,56,0,0,0,0,28,52,0,0,0,0,36,6,0,0,0,0,96,6,0,0,0,0,96,6,0,0,0,0,96,6,0,0,0,0,96,6,0,0,0,0,96,6,0,0,0,0,96,6,0,0,0,0,96,6,0,31,248,0,96,6,0,127,254,0,96,6,0,48,12,0,96,6,0,32,4,0,96,6,0,32,4,0,96,6,0,32,4,0,96,6,0,32,4,0,96,4,0,32,4,0,32,4,0,32,4,0,32,12,0,32,4,0,48,12,0,32,4,0,48,12,0,96,4,0,48,12,0,96,6,0,48,12,0,96,6,0,48,12,0,96,6,0,48,12,0,96,6,0,48,12,0,96,6,0,48,12,0,96,6,0,48,12,0,96,6,0,48,15,255,255,255,255,240,15,255,255,255,255,240,0,0,0,0,0,0},
  {0,0,0,0,0,0,0,0,0,0,0,0,0,0,0,0,0,0,0,0,0,0,0,0,0,0,1,128,0,0,0,0,3,192,0,0,0,0,14,112,0,0,0,0,60,60,0,0,0,0,112,14,0,0,0,1,224,7,128,0,0,3,128,1,192,0,0,15,0,0,240,0,0,28,0,0,56,0,0,120,0,0,30,0,0,224,0,0,7,0,3,128,0,0,1,192,7,0,0,0,0,224,28,0,0,0,0,56,56,0,0,0,0,28,44,0,0,0,0,52,12,0,0,0,0,48,12,0,0,0,0,48,12,0,0,0,0,48,12,0,0,0,0,48,12,0,0,0,0,48,12,0,0,0,0,48,12,0,0,0,0,48,12,0,63,252,0,48,12,0,127,254,0,48,12,0,96,6,0,48,12,0,96,6,0,48,12,0,96,6,0,48,12,0,96,6,0,48,12,0,96,6,0,48,12,0,96,6,0,48,12,0,96,6,0,48,12,0,96,6,0,48,12,0,96,6,0,48,12,0,96,6,0,48,12,0,96,6,0,48,12,0,96,6,0,48,12,0,96,6,0,48,12,0,96,6,0,48,12,0,96,6,0,48,12,0,96,6,0,48,15,255,255,255,255,240,15,255,255,255,255,240,0,0,0,0,0,0},
  {0,0,0,0,0,0,0,0,0,0,0,0,0,0,0,0,0,0,0,0,0,0,0,0,0,0,0,0,0,0,0,0,0,0,0,0,0,0,3,192,0,0,0,0,7,224,0,0,0,0,30,120,0,0,0,0,120,30,0,0,0,0,240,15,0,0,0,3,192,3,192,0,0,15,0,0,240,0,0,30,0,0,120,0,0,120,0,0,30,0,0,224,0,0,7,128,3,192,0,0,3,192,15,0,0,0,0,240,28,0,0,0,0,56,124,0,0,0,0,62,108,0,0,0,0,54,12,0,0,0,0,48,12,0,0,0,0,48,12,0,0,0,0,48,12,0,0,0,0,48,12,0,0,0,0,48,8,0,0,0,0,16,24,0,0,0,0,16,24,0,63,252,0,24,24,0,127,254,0,24,24,0,96,6,0,24,24,0,96,6,0,24,24,0,96,6,0,24,24,0,96,6,0,24,24,0,96,6,0,24,24,0,96,6,0,24,24,0,96,6,0,24,24,0,96,6,0,24,24,0,96,6,0,24,24,0,96,6,0,24,24,0,96,6,0,24,8,0,96,6,0,16,8,0,96,6,0,48,12,0,96,6,0,48,12,0,96,6,0,48,15,255,255,255,255,240,15,255,255,255,255,240,0,0,0,0,0,0},
  {0,0,0,0,0,0,0,0,0,0,0,0,0,0,0,0,0,0,0,0,0,0,0,0,0,0,0,0,0,0,0,0,0,0,0,0,0,0,0,0,0,0,0,0,1,128,0,0,0,0,7,224,0,0,0,0,15,240,0,0,0,0,60,60,0,0,0,0,240,15,0,0,0,3,192,3,192,0,0,7,128,1,224,0,0,30,0,0,120,0,0,120,0,0,30,0,1,224,0,0,7,128,3,192,0,0,3,192,15,0,0,0,0,240,60,0,0,0,0,60,124,0,0,0,0,62,108,0,0,0,0,54,12,0,0,0,0,48,24,0,0,0,0,16,24,0,0,0,0,24,24,0,0,0,0,24,24,0,0,0,0,24,24,0,0,0,0,24,24,0,0,0,0,24,24,0,127,254,0,24,24,0,127,254,0,24,24,0,96,6,0,24,24,0,96,6,0,24,24,0,96,6,0,24,24,0,96,6,0,24,24,0,96,6,0,24,24,0,96,6,0,24,24,0,96,6,0,24,24,0,96,6,0,24,24,0,96,6,0,24,24,0,96,6,0,24,24,0,96,6,0,24,8,0,96,6,0,16,12,0,96,6,0,48,12,0,96,6,0,48,15,255,255,255,255,240,15,255,255,255,255,240,0,0,0,0,0,0},
  {0,0,0,0,0,0,0,0,0,0,0,0,0,0,0,0,0,0,0,0,0,0,0,0,0,0,0,0,0,0,0,0,0,0,0,0,0,0,0,0,0,0,0,0,0,0,0,0,0,0,1,128,0,0,0,0,7,224,0,0,0,0,31,248,0,0,0,0,60,60,0,0,0,0,240,15,0,0,0,3,192,3,192,0,0,15,0,0,240,0,0,30,0,0,120,0,0,120,0,0,30,0,1,224,0,0,7,128,7,128,0,0,1,224,30,0,0,0,0,120,60,0,0,0,0,60,252,0,0,0,0,63,76,0,0,0,0,50,24,0,0,0,0,16,24,0,0,0,0,24,24,0,0,0,0,24,24,0,0,0,0,24,24,0,0,0,0,24,24,0,31,248,0,24,24,0,127,254,0,24,24,0,127,254,0,24,24,0,96,6,0,24,24,0,96,6,0,24,24,0,96,6,0,24,24,0,96,6,0,24,24,0,96,6,0,24,24,0,96,6,0,24,24,0,96,6,0,24,24,0,96,6,0,24,24,0,96,6,0,24,24,0,96,6,0,24,24,0,96,6,0,24,8,0,96,6,0,16,12,0,96,6,0,48,12,0,96,6,0,48,15,255,255,255,255,240,15,255,255,255,255,240,0,0,0,0,0,0},
  {0,0,0,0,0,0,0,0,0,0,0,0,0,0,0,0,0,0,0,0,0,0,0,0,0,0,0,0,0,0,0,0,0,0,0,0,0,0,0,0,0,0,0,0,0,0,0,0,0,0,0,0,0,0,0,0,3,192,0,0,0,0,15,240,0,0,0,0,62,124,0,0,0,0,120,30,0,0,0,1,224,7,128,0,0,7,128,1,224,0,0,30,0,0,120,0,0,120,0,0,30,0,1,240,0,0,15,128,3,192,0,0,3,192,15,0,0,0,0,240,60,0,0,0,0,60,252,0,0,0,0,63,204,0,0,0,0,51,8,0,0,0,0,16,8,0,0,0,0,16,24,0,0,0,0,24,24,0,0,0,0,24,24,0,0,0,0,24,24,0,63,252,0,24,24,0,127,254,0,24,24,0,96,6,0,24,24,0,96,6,0,24,24,0,96,6,0,24,24,0,96,6,0,24,24,0,96,6,0,24,24,0,96,6,0,24,24,0,96,6,0,24,24,0,96,6,0,24,24,0,96,6,0,24,24,0,96,6,0,24,24,0,96,6,0,16,8,0,96,6,0,16,12,0,96,6,0,48,12,0,96,6,0,48,12,0,96,6,0,48,15,255,255,255,255,240,15,255,255,255,255,240,0,0,0,0,0,0},
  {0,0,0,0,0,0,0,0,0,0,0,0,0,0,0,0,0,0,0,0,0,0,0,0,0,0,0,0,0,0,0,0,0,0,0,0,0,0,0,0,0,0,0,0,0,0,0,0,0,0,3,192,0,0,0,0,15,240,0,0,0,0,30,120,0,0,0,0,120,30,0,0,0,1,224,7,128,0,0,3,128,1,192,0,0,15,0,0,240,0,0,60,0,0,60,0,0,240,0,0,15,0,1,192,0,0,3,128,7,128,0,0,1,224,30,0,0,0,0,120,124,0,0,0,0,62,252,0,0,0,0,63,76,0,0,0,0,50,12,0,0,0,0,48,12,0,0,0,0,48,12,0,0,0,0,48,12,0,0,0,0,48,8,0,31,248,0,48,8,0,127,254,0,16,8,0,127,254,0,16,8,0,96,6,0,16,8,0,96,6,0,16,8,0,96,6,0,16,8,0,96,6,0,16,8,0,96,6,0,16,8,0,96,6,0,16,8,0,96,6,0,48,12,0,96,6,0,48,12,0,96,6,0,48,12,0,96,6,0,48,12,0,96,6,0,48,12,0,96,6,0,48,12,0,96,6,0,48,12,0,96,6,0,48,12,0,96,6,0,48,15,255,255,255,255,240,15,255,255,255,255,240,0,0,0,0,0,0},
  {0,0,0,0,0,0,0,0,0,0,0,0,0,0,0,0,0,0,0,0,0,0,0,0,0,0,0,0,0,0,0,0,1,0,0,0,0,0,3,192,0,0,0,0,15,240,0,0,0,0,28,56,0,0,0,0,120,30,0,0,0,0,224,7,0,0,0,3,192,3,192,0,0,7,0,0,224,0,0,30,0,0,120,0,0,56,0,0,28,0,0,240,0,0,15,0,1,192,0,0,3,128,7,128,0,0,1,224,14,0,0,0,0,112,60,0,0,0,0,60,124,0,0,0,0,62,108,0,0,0,0,54,12,0,0,0,0,48,12,0,0,0,0,48,12,0,0,0,0,48,12,0,0,0,0,48,12,0,0,0,0,48,12,0,63,252,0,48,12,0,127,254,0,48,12,0,96,6,0,48,12,0,96,6,0,48,12,0,96,6,0,48,12,0,96,6,0,48,12,0,96,6,0,48,12,0,96,6,0,48,12,0,96,6,0,48,12,0,96,6,0,48,12,0,96,6,0,48,12,0,96,6,0,48,12,0,96,6,0,48,12,0,96,6,0,48,12,0,96,6,0,48,12,0,96,6,0,48,12,0,96,6,0,48,12,0,96,6,0,48,15,255,255,255,255,240,15,255,255,255,255,240,0,0,0,0,0,0},
  {0,0,0,0,0,0,0,0,0,0,0,0,0,0,0,0,0,0,0,0,1,128,0,0,0,0,3,192,0,0,0,0,15,240,0,0,0,0,28,56,0,0,0,0,56,28,0,0,0,0,240,15,0,0,0,1,192,3,128,0,0,3,128,1,192,0,0,14,0,0,112,0,0,28,0,0,56,0,0,56,0,0,28,0,0,224,0,0,7,0,1,192,0,0,3,128,3,128,0,0,1,192,14,0,0,0,0,112,28,0,0,0,0,56,60,0,0,0,0,60,108,0,0,0,0,54,12,0,0,0,0,48,12,0,0,0,0,48,12,0,0,0,0,48,12,0,0,0,0,48,12,0,0,0,0,48,12,0,0,0,0,48,12,0,127,254,0,48,12,0,127,254,0,48,12,0,96,6,0,48,12,0,96,6,0,48,12,0,96,6,0,48,12,0,96,6,0,48,12,0,96,6,0,48,12,0,96,6,0,48,12,0,96,6,0,48,12,0,96,6,0,48,12,0,96,6,0,48,12,0,96,6,0,48,12,0,96,6,0,48,12,0,96,6,0,48,12,0,96,6,0,48,12,0,96,6,0,48,12,0,96,6,0,48,12,0,96,6,0,48,15,255,255,255,255,240,15,255,255,255,255,240,0,0,0,0,0,0},
  {0,0,0,0,0,0,0,0,0,0,0,0,0,0,1,128,0,0,0,0,3,192,0,0,0,0,7,224,0,0,0,0,28,56,0,0,0,0,56,28,0,0,0,0,112,14,0,0,0,1,224,7,128,0,0,3,128,1,192,0,0,7,0,0,224,0,0,14,0,0,112,0,0,56,0,0,28,0,0,112,0,0,14,0,0,224,0,0,7,0,3,192,0,0,3,192,7,0,0,0,0,224,14,0,0,0,0,112,28,0,0,0,0,56,124,0,0,0,0,62,108,0,0,0,0,54,12,0,0,0,0,48,12,0,0,0,0,48,12,0,0,0,0,48,12,0,0,0,0,48,12,0,0,0,0,48,12,0,0,0,0,48,12,0,127,254,0,48,12,0,127,254,0,48,12,0,96,6,0,48,12,0,96,6,0,48,12,0,96,6,0,48,12,0,96,6,0,48,12,0,96,6,0,48,12,0,96,6,0,48,12,0,96,6,0,48,12,0,96,6,0,48,12,0,96,6,0,48,12,0,96,6,0,48,12,0,96,6,0,48,12,0,96,6,0,48,12,0,96,6,0,48,12,0,96,6,0,48,12,0,96,6,0,48,12,0,96,6,0,48,15,255,255,255,255,240,15,255,255,255,255,240,0,0,0,0,0,0},
  {0,0,0,0,0,0,0,0,0,0,0,0,0,0,1,128,0,0,0,0,3,192,0,0,0,0,7,224,0,0,0,0,28,56,0,0,0,0,56,28,0,0,0,0,112,14,0,0,0,1,224,7,128,0,0,3,128,1,192,0,0,7,0,0,224,0,0,14,0,0,112,0,0,56,0,0,28,0,0,112,0,0,14,0,0,224,0,0,7,0,3,192,0,0,3,192,7,0,0,0,0,224,14,0,0,0,0,112,28,0,0,0,0,56,124,0,0,0,0,62,108,0,0,0,0,54,12,0,0,0,0,48,12,0,0,0,0,48,12,0,0,0,0,48,12,0,0,0,0,48,12,0,0,0,0,48,12,0,0,0,0,48,12,0,127,254,0,48,12,0,127,254,0,48,12,0,96,6,0,48,12,0,96,6,0,48,12,0,96,6,0,48,12,0,96,6,0,48,12,0,96,6,0,48,12,0,96,6,0,48,12,0,96,6,0,48,12,0,96,6,0,48,12,0,96,6,0,48,12,0,96,6,0,48,12,0,96,6,0,48,12,0,96,6,0,48,12,0,96,6,0,48,12,0,96,6,0,48,12,0,96,6,0,48,12,0,96,6,0,48,15,255,255,255,255,240,15,255,255,255,255,240,0,0,0,0,0,0},
  {0,0,0,0,0,0,0,0,0,0,0,0,0,0,1,128,0,0,0,0,3,192,0,0,0,0,7,224,0,0,0,0,28,56,0,0,0,0,56,28,0,0,0,0,112,14,0,0,0,1,224,7,128,0,0,3,128,1,192,0,0,7,0,0,224,0,0,14,0,0,112,0,0,56,0,0,28,0,0,112,0,0,14,0,0,224,0,0,7,0,3,192,0,0,3,192,7,0,0,0,0,224,14,0,0,0,0,112,28,0,0,0,0,56,124,0,0,0,0,62,108,0,0,0,0,54,12,0,0,0,0,48,12,0,0,0,0,48,12,0,0,0,0,48,12,0,0,0,0,48,12,0,0,0,0,48,12,0,0,0,0,48,12,0,127,254,0,48,12,0,127,254,0,48,12,0,96,6,0,48,12,0,96,6,0,48,12,0,96,6,0,48,12,0,96,6,0,48,12,0,96,6,0,48,12,0,96,6,0,48,12,0,96,6,0,48,12,0,96,6,0,48,12,0,96,6,0,48,12,0,96,6,0,48,12,0,96,6,0,48,12,0,96,6,0,48,12,0,96,6,0,48,12,0,96,6,0,48,12,0,96,6,0,48,12,0,96,6,0,48,15,255,255,255,255,240,15,255,255,255,255,240,0,0,0,0,0,0}
};

void setup() {
  display.begin(SSD1306_SWITCHCAPVCC, SCREEN_I2C_ADDR);
}

int frame = 0;
void loop() {
  display.clearDisplay();
  display.drawBitmap(40, 8, frames[frame], FRAME_WIDTH, FRAME_HEIGHT, 1);
  display.display();
  frame = (frame + 1) % FRAME_COUNT;
  delay(FRAME_DELAY);
}
