#include <Adafruit_GFX.h>
#include <Adafruit_SSD1306.h>

#define SCREEN_I2C_ADDR 0x3D // or 0x3C
#define SCREEN_WIDTH 128     // OLED display width, in pixels
#define SCREEN_HEIGHT 64     // OLED display height, in pixels
#define OLED_RST_PIN -1      // Reset pin (-1 if not available)

Adafruit_SSD1306 display(128, 64, &Wire, OLED_RST_PIN);

// OLED Animation: no connection
// Code auto-generated by https://wokwi.com/animator, graphics by icons8.com

#define FRAME_DELAY (42)
#define FRAME_WIDTH (48)
#define FRAME_HEIGHT (48)
#define FRAME_COUNT (sizeof(frames) / sizeof(frames[0]))
const byte PROGMEM frames[][288] = {
  {0,0,0,0,0,0,0,0,0,0,0,0,0,0,0,0,15,252,0,0,0,0,15,252,0,0,0,0,12,12,0,0,0,0,12,12,0,0,0,0,12,12,0,0,0,0,12,12,0,0,0,0,12,12,0,0,0,0,12,12,0,0,0,0,12,12,0,0,0,0,12,12,0,0,0,127,204,12,0,0,0,127,236,12,0,0,0,127,236,12,0,0,0,96,108,12,0,0,0,96,108,12,0,0,0,96,108,12,0,0,0,96,108,12,0,0,0,96,108,12,0,0,0,96,108,12,0,0,0,96,108,12,0,0,0,96,108,12,0,7,254,96,108,12,0,7,254,96,108,12,0,6,6,96,108,12,0,6,6,96,108,12,0,6,6,96,108,12,0,6,6,96,108,12,0,6,6,96,108,12,0,6,6,96,108,12,0,6,6,96,108,12,0,6,6,96,108,12,63,230,6,96,108,12,63,246,6,96,108,12,63,246,6,96,108,12,48,54,6,96,108,12,48,54,6,96,108,12,48,54,6,96,108,12,48,54,6,96,108,12,48,54,6,96,108,12,48,54,6,96,108,12,48,54,6,96,108,12,48,54,6,96,108,12,63,247,254,127,239,252,63,247,254,127,239,252,0,0,0,0,0,0,0,0,0,0,0,0},
  {0,0,0,0,0,0,0,0,0,0,0,0,0,0,0,0,15,252,0,0,0,0,15,252,0,0,0,0,12,12,0,0,0,0,12,12,0,0,0,0,12,12,0,0,0,0,12,12,0,0,0,0,12,12,0,0,0,0,12,12,0,0,0,0,12,12,0,0,0,0,12,12,0,0,0,127,204,12,0,0,0,127,236,12,0,0,0,127,236,12,0,0,0,96,108,12,0,0,0,96,108,12,0,0,0,96,108,12,0,0,0,96,108,12,0,0,0,96,108,12,0,0,0,96,108,12,0,0,0,96,108,12,0,0,0,96,108,12,0,7,254,96,108,12,0,7,254,96,108,12,0,6,6,96,108,12,0,6,6,96,108,12,0,6,6,96,108,12,0,6,6,96,108,12,0,6,6,96,108,12,0,6,6,96,108,12,0,6,6,96,108,12,0,6,6,96,108,12,63,230,6,96,108,12,63,246,6,96,108,12,63,246,6,96,108,12,48,54,6,96,108,12,48,54,6,96,108,12,48,54,6,96,108,12,48,54,6,96,108,12,48,54,6,96,108,12,48,54,6,96,108,12,48,54,6,96,108,12,48,54,6,96,108,12,63,247,254,127,239,252,63,247,254,127,239,252,0,0,0,0,0,0,0,0,0,0,0,0},
  {0,0,0,0,0,0,0,0,0,0,0,0,0,0,0,0,15,252,0,0,0,0,15,252,0,0,0,0,12,12,0,0,0,0,12,12,0,0,0,0,12,12,0,0,0,0,12,12,0,0,0,0,12,12,0,0,0,0,12,12,0,0,0,0,12,12,0,0,0,0,12,12,0,0,0,127,204,12,0,0,0,127,236,12,0,0,0,127,236,12,0,0,0,96,108,12,0,0,0,96,108,12,0,0,0,96,108,12,0,0,0,96,108,12,0,0,0,96,108,12,0,0,0,96,108,12,0,0,0,96,108,12,0,0,0,96,108,12,0,7,254,96,108,12,0,7,254,96,108,12,0,6,6,96,108,12,0,6,6,96,108,12,0,6,6,96,108,12,0,6,6,96,108,12,0,6,6,96,108,12,0,6,6,96,108,12,0,6,6,96,108,12,0,6,6,96,108,12,63,230,6,96,108,12,63,246,6,96,108,12,63,246,6,96,108,12,48,54,6,96,108,12,48,54,6,96,108,12,48,54,6,96,108,12,48,54,6,96,108,12,48,54,6,96,108,12,48,54,6,96,108,12,48,54,6,96,108,12,48,54,6,96,108,12,63,247,254,127,239,252,63,247,254,127,239,252,0,0,0,0,0,0,0,0,0,0,0,0},
  {0,0,0,0,0,0,0,0,0,0,0,0,0,0,0,0,15,252,0,0,0,0,15,252,0,0,0,0,12,12,0,0,0,0,12,12,0,0,0,0,12,12,0,0,0,0,12,12,0,0,0,0,12,12,0,0,0,0,12,12,0,0,0,0,12,12,0,0,0,0,12,12,0,0,0,127,204,12,0,0,0,127,236,12,0,0,0,127,236,12,0,0,0,96,108,12,0,0,0,96,108,12,0,0,0,96,108,12,0,0,0,96,108,12,0,0,0,96,108,12,0,0,0,96,108,12,0,0,0,96,108,12,0,0,0,96,108,12,0,7,254,96,108,12,0,7,254,96,108,12,0,6,6,96,108,12,0,6,6,96,108,12,0,6,6,96,108,12,0,6,6,96,108,12,0,6,6,96,108,12,0,6,6,96,108,12,0,6,6,96,108,12,0,6,6,96,108,12,63,230,6,96,108,12,63,246,6,96,108,12,63,246,6,96,108,12,48,54,6,96,108,12,48,54,6,96,108,12,48,54,6,96,108,12,48,54,6,96,108,12,48,54,6,96,108,12,48,54,6,96,108,12,48,54,6,96,108,12,48,54,6,96,108,12,63,247,254,127,239,252,63,247,254,127,239,252,0,0,0,0,0,0,0,0,0,0,0,0},
  {0,0,0,0,0,0,0,0,0,0,0,0,0,0,0,0,15,252,0,0,0,0,15,252,0,0,0,0,12,12,0,0,0,0,12,12,0,0,0,0,12,12,0,0,0,0,12,12,0,0,0,0,12,12,0,0,0,0,12,12,0,0,0,0,12,12,0,0,0,0,12,12,0,0,0,127,204,12,0,0,0,127,236,12,0,0,0,127,236,12,0,0,0,96,108,12,0,0,0,96,108,12,0,0,0,96,108,12,0,0,0,96,108,12,0,0,0,96,108,12,0,0,0,96,108,12,0,0,0,96,108,12,0,0,0,96,108,12,0,7,254,96,108,12,0,7,254,96,108,12,0,6,6,96,108,12,0,6,6,96,108,12,0,6,6,96,108,12,0,6,6,96,108,12,0,6,6,96,108,12,0,6,6,96,108,12,0,6,6,96,108,12,0,6,6,96,108,12,63,230,6,96,108,12,63,246,6,96,108,12,63,246,6,96,108,12,62,54,6,96,108,12,62,54,6,96,108,12,62,54,6,96,108,12,62,54,6,96,108,12,62,54,6,96,108,12,62,54,6,96,108,12,62,54,6,96,108,12,62,54,6,96,108,12,63,247,254,127,239,252,63,247,254,127,239,252,0,0,0,0,0,0,0,0,0,0,0,0},
  {0,0,0,0,0,0,0,0,0,0,0,0,0,0,0,0,15,252,0,0,0,0,15,252,0,0,0,0,12,12,0,0,0,0,12,12,0,0,0,0,12,12,0,0,0,0,12,12,0,0,0,0,12,12,0,0,0,0,12,12,0,0,0,0,12,12,0,0,0,0,12,12,0,0,0,127,204,12,0,0,0,127,236,12,0,0,0,127,236,12,0,0,0,96,108,12,0,0,0,96,108,12,0,0,0,96,108,12,0,0,0,96,108,12,0,0,0,96,108,12,0,0,0,96,108,12,0,0,0,96,108,12,0,0,0,96,108,12,0,7,254,96,108,12,0,7,254,96,108,12,0,6,6,96,108,12,0,6,6,96,108,12,0,6,6,96,108,12,0,6,6,96,108,12,0,6,6,96,108,12,0,6,6,96,108,12,0,6,6,96,108,12,0,6,6,96,108,12,63,230,6,96,108,12,63,246,6,96,108,12,63,246,6,96,108,12,63,246,6,96,108,12,63,246,6,96,108,12,63,246,6,96,108,12,63,246,6,96,108,12,63,246,6,96,108,12,63,246,6,96,108,12,63,246,6,96,108,12,63,246,6,96,108,12,63,247,254,127,239,252,63,247,254,127,239,252,0,0,0,0,0,0,0,0,0,0,0,0},
  {0,0,0,0,0,0,0,0,0,0,0,0,0,0,0,0,15,252,0,0,0,0,15,252,0,0,0,0,12,12,0,0,0,0,12,12,0,0,0,0,12,12,0,0,0,0,12,12,0,0,0,0,12,12,0,0,0,0,12,12,0,0,0,0,12,12,0,0,0,0,12,12,0,0,0,127,204,12,0,0,0,127,236,12,0,0,0,127,236,12,0,0,0,96,108,12,0,0,0,96,108,12,0,0,0,96,108,12,0,0,0,96,108,12,0,0,0,96,108,12,0,0,0,96,108,12,0,0,0,96,108,12,0,0,0,96,108,12,0,7,254,96,108,12,0,7,254,96,108,12,0,7,198,96,108,12,0,7,198,96,108,12,0,7,198,96,108,12,0,7,198,96,108,12,0,7,198,96,108,12,0,7,198,96,108,12,0,7,198,96,108,12,0,7,198,96,108,12,63,231,198,96,108,12,63,247,198,96,108,12,63,247,198,96,108,12,63,247,198,96,108,12,63,247,198,96,108,12,63,247,198,96,108,12,63,247,198,96,108,12,63,247,198,96,108,12,63,247,198,96,108,12,63,247,198,96,108,12,63,247,198,96,108,12,63,247,254,127,239,252,63,247,254,127,239,252,0,0,0,0,0,0,0,0,0,0,0,0},
  {0,0,0,0,0,0,0,0,0,0,0,0,0,0,0,0,15,252,0,0,0,0,15,252,0,0,0,0,12,12,0,0,0,0,12,12,0,0,0,0,12,12,0,0,0,0,12,12,0,0,0,0,12,12,0,0,0,0,12,12,0,0,0,0,12,12,0,0,0,0,12,12,0,0,0,127,204,12,0,0,0,127,236,12,0,0,0,127,236,12,0,0,0,96,108,12,0,0,0,96,108,12,0,0,0,96,108,12,0,0,0,96,108,12,0,0,0,96,108,12,0,0,0,96,108,12,0,0,0,96,108,12,0,0,0,96,108,12,0,7,254,96,108,12,0,7,254,96,108,12,0,7,254,96,108,12,0,7,254,96,108,12,0,7,254,96,108,12,0,7,254,96,108,12,0,7,254,96,108,12,0,7,254,96,108,12,0,7,254,96,108,12,0,7,254,96,108,12,63,231,254,96,108,12,63,247,254,96,108,12,63,247,254,96,108,12,63,247,254,96,108,12,63,247,254,96,108,12,63,247,254,96,108,12,63,247,254,96,108,12,63,247,254,96,108,12,63,247,254,96,108,12,63,247,254,96,108,12,63,247,254,96,108,12,63,247,254,127,239,252,63,247,254,127,239,252,0,0,0,0,0,0,0,0,0,0,0,0},
  {0,0,0,0,0,0,0,0,0,0,0,0,0,0,0,0,15,252,0,0,0,0,15,252,0,0,0,0,12,12,0,0,0,0,12,12,0,0,0,0,12,12,0,0,0,0,12,12,0,0,0,0,12,12,0,0,0,0,12,12,0,0,0,0,12,12,0,0,0,0,12,12,0,0,0,127,204,12,0,0,0,127,236,12,0,0,0,127,236,12,0,0,0,124,108,12,0,0,0,124,108,12,0,0,0,124,108,12,0,0,0,124,108,12,0,0,0,124,108,12,0,0,0,124,108,12,0,0,0,124,108,12,0,0,0,124,108,12,0,7,254,124,108,12,0,7,254,124,108,12,0,7,254,124,108,12,0,7,254,124,108,12,0,7,254,124,108,12,0,7,254,124,108,12,0,7,254,124,108,12,0,7,254,124,108,12,0,7,254,124,108,12,0,7,254,124,108,12,63,231,254,124,108,12,63,247,254,124,108,12,63,247,254,124,108,12,63,247,254,124,108,12,63,247,254,124,108,12,63,247,254,124,108,12,63,247,254,124,108,12,63,247,254,124,108,12,63,247,254,124,108,12,63,247,254,124,108,12,63,247,254,124,108,12,63,247,254,127,239,252,63,247,254,127,239,252,0,0,0,0,0,0,0,0,0,0,0,0},
  {0,0,0,0,0,0,0,0,0,0,0,0,0,0,0,0,15,252,0,0,0,0,15,252,0,0,0,0,12,12,0,0,0,0,12,12,0,0,0,0,12,12,0,0,0,0,12,12,0,0,0,0,12,12,0,0,0,0,12,12,0,0,0,0,12,12,0,0,0,0,12,12,0,0,0,127,204,12,0,0,0,127,236,12,0,0,0,127,236,12,0,0,0,127,236,12,0,0,0,127,236,12,0,0,0,127,236,12,0,0,0,127,236,12,0,0,0,127,236,12,0,0,0,127,236,12,0,0,0,127,236,12,0,0,0,127,236,12,0,7,254,127,236,12,0,7,254,127,236,12,0,7,254,127,236,12,0,7,254,127,236,12,0,7,254,127,236,12,0,7,254,127,236,12,0,7,254,127,236,12,0,7,254,127,236,12,0,7,254,127,236,12,0,7,254,127,236,12,63,231,254,127,236,12,63,247,254,127,236,12,63,247,254,127,236,12,63,247,254,127,236,12,63,247,254,127,236,12,63,247,254,127,236,12,63,247,254,127,236,12,63,247,254,127,236,12,63,247,254,127,236,12,63,247,254,127,236,12,63,247,254,127,236,12,63,247,254,127,239,252,63,247,254,127,239,252,0,0,0,0,0,0,0,0,0,0,0,0},
  {0,0,0,0,0,0,0,0,0,0,0,0,0,0,0,0,15,252,0,0,0,0,15,252,0,0,0,0,15,140,0,0,0,0,15,140,0,0,0,0,15,140,0,0,0,0,15,140,0,0,0,0,15,140,0,0,0,0,15,140,0,0,0,0,15,140,0,0,0,0,15,140,0,0,0,127,207,140,0,0,0,127,239,140,0,0,0,127,239,140,0,0,0,127,239,140,0,0,0,127,239,140,0,0,0,127,239,140,0,0,0,127,239,140,0,0,0,127,239,140,0,0,0,127,239,140,0,0,0,127,239,140,0,0,0,127,239,140,0,7,254,127,239,140,0,7,254,127,239,140,0,7,254,127,239,140,0,7,254,127,239,140,0,7,254,127,239,140,0,7,254,127,239,140,0,7,254,127,239,140,0,7,254,127,239,140,0,7,254,127,239,140,0,7,254,127,239,140,63,231,254,127,239,140,63,247,254,127,239,140,63,247,254,127,239,140,63,247,254,127,239,140,63,247,254,127,239,140,63,247,254,127,239,140,63,247,254,127,239,140,63,247,254,127,239,140,63,247,254,127,239,140,63,247,254,127,239,140,63,247,254,127,239,140,63,247,254,127,239,252,63,247,254,127,239,252,0,0,0,0,0,0,0,0,0,0,0,0},
  {0,0,0,0,0,0,0,0,0,0,0,0,0,0,0,0,15,252,0,0,0,0,15,252,0,0,0,0,15,252,0,0,0,0,15,252,0,0,0,0,15,252,0,0,0,0,15,252,0,0,0,0,15,252,0,0,0,0,15,252,0,0,0,0,15,252,0,0,0,0,15,252,0,0,0,127,207,252,0,0,0,127,239,252,0,0,0,127,239,252,0,0,0,127,239,252,0,0,0,127,239,252,0,0,0,127,239,252,0,0,0,127,239,252,0,0,0,127,239,252,0,0,0,127,239,252,0,0,0,127,239,252,0,0,0,127,239,252,0,7,254,127,239,252,0,7,254,127,239,252,0,7,254,127,239,252,0,7,254,127,239,252,0,7,254,127,239,252,0,7,254,127,239,252,0,7,254,127,239,252,0,7,254,127,239,252,0,7,254,127,239,252,0,7,254,127,239,252,63,231,254,127,239,252,63,247,254,127,239,252,63,247,254,127,239,252,63,247,254,127,239,252,63,247,254,127,239,252,63,247,254,127,239,252,63,247,254,127,239,252,63,247,254,127,239,252,63,247,254,127,239,252,63,247,254,127,239,252,63,247,254,127,239,252,63,247,254,127,239,252,63,247,254,127,239,252,0,0,0,0,0,0,0,0,0,0,0,0},
  {0,0,0,0,0,0,0,0,0,0,0,0,0,0,0,0,15,252,0,0,0,0,15,252,0,0,0,0,15,252,0,0,0,0,15,252,0,0,0,0,15,252,0,0,0,0,15,252,0,0,0,0,15,252,0,0,0,0,15,252,0,0,0,0,15,252,0,0,0,0,15,252,0,0,0,127,207,252,0,0,0,127,239,252,0,0,0,127,239,252,0,0,0,127,239,252,0,0,0,127,239,252,0,0,0,127,239,252,0,0,0,127,239,252,0,0,0,127,239,252,0,0,0,127,239,252,0,0,0,127,239,252,0,0,0,127,239,252,0,7,254,127,239,252,0,7,254,127,239,252,0,7,254,127,239,252,0,7,254,127,239,252,0,7,254,127,239,252,0,7,254,127,239,252,0,7,254,127,239,252,0,7,254,127,239,252,0,7,254,127,239,252,0,7,254,127,239,252,63,231,254,127,239,252,63,247,254,127,239,252,63,247,254,127,239,252,63,247,254,127,239,252,63,247,254,127,239,252,63,247,254,127,239,252,63,247,254,127,239,252,63,247,254,127,239,252,63,247,254,127,239,252,63,247,254,127,239,252,63,247,254,127,239,252,63,247,254,127,239,252,63,247,254,127,239,252,0,0,0,0,0,0,0,0,0,0,0,0},
  {0,0,0,0,0,0,0,0,0,0,0,0,0,0,0,0,15,252,0,0,0,0,15,252,0,0,0,0,15,252,0,0,0,0,15,252,0,0,0,0,15,252,0,0,0,0,15,252,0,0,0,0,15,252,0,0,0,0,15,252,0,0,0,0,15,252,0,0,0,0,15,252,0,0,0,127,207,252,0,0,0,127,239,252,0,0,0,127,239,252,0,0,0,127,239,252,0,0,0,127,239,252,0,0,0,127,239,252,0,0,0,127,239,252,0,0,0,127,239,252,0,0,0,127,239,252,0,0,0,127,239,252,0,0,0,127,239,252,0,7,254,127,239,252,0,7,254,127,239,252,0,7,254,127,239,252,0,7,254,127,239,252,0,7,254,127,239,252,0,7,254,127,239,252,0,7,254,127,239,252,0,7,254,127,239,252,0,7,254,127,239,252,0,7,254,127,239,252,63,231,254,127,239,252,63,247,254,127,239,252,63,247,254,127,239,252,63,247,254,127,239,252,63,247,254,127,239,252,63,247,254,127,239,252,63,247,254,127,239,252,63,247,254,127,239,252,63,247,254,127,239,252,63,247,254,127,239,252,63,247,254,127,239,252,63,247,254,127,239,252,63,247,254,127,239,252,0,0,0,0,0,0,0,0,0,0,0,0},
  {0,0,0,0,0,0,0,0,0,0,0,0,0,0,0,0,15,252,0,0,0,0,15,252,0,0,0,0,15,252,0,0,0,0,15,252,0,0,0,0,15,252,0,0,0,0,15,252,0,0,0,0,15,252,0,0,0,0,15,252,0,0,0,0,15,252,0,0,0,0,15,252,0,0,0,127,207,252,0,0,0,127,239,252,0,0,0,127,239,252,0,0,0,127,239,252,0,0,0,127,239,252,0,0,0,127,239,252,0,0,0,127,239,252,0,0,0,127,239,252,0,0,0,127,239,252,0,0,0,127,239,252,0,0,0,127,239,252,0,7,254,127,239,252,0,7,254,127,239,252,0,7,254,127,239,252,0,7,254,127,239,252,0,7,254,127,239,252,0,7,254,127,239,252,0,7,254,127,239,252,0,7,254,127,239,252,0,7,254,127,239,252,0,7,254,127,239,252,63,231,254,127,239,252,63,247,254,127,239,252,63,247,254,127,239,252,63,247,254,127,239,252,63,247,254,127,239,252,63,247,254,127,239,252,63,247,254,127,239,252,63,247,254,127,239,252,63,247,254,127,239,252,63,247,254,127,239,252,63,247,254,127,239,252,63,247,254,127,239,252,63,247,254,127,239,252,0,0,0,0,0,0,0,0,0,0,0,0},
  {0,0,0,0,0,0,0,0,0,0,0,0,0,0,0,0,15,252,0,0,0,0,15,252,0,0,0,0,15,252,0,0,0,0,15,252,0,0,0,0,15,252,0,0,0,0,15,252,0,0,0,0,15,252,0,0,0,0,15,252,0,0,0,0,15,252,0,0,0,0,15,252,0,0,0,127,207,252,0,0,0,127,239,252,0,0,0,127,239,252,0,0,0,127,239,252,0,0,0,127,239,252,0,0,0,127,239,252,0,0,0,127,239,252,0,0,0,127,239,252,0,0,0,127,239,252,0,0,0,127,239,252,0,0,0,127,239,252,0,7,254,127,239,252,0,7,254,127,239,252,0,7,254,127,239,252,0,7,254,127,239,252,0,7,254,127,239,252,0,7,254,127,239,252,0,7,254,127,239,252,0,7,254,127,239,252,0,7,254,127,239,252,0,7,254,127,239,252,63,231,254,127,239,252,63,247,254,127,239,252,63,247,254,127,239,252,63,247,254,127,239,252,63,247,254,127,239,252,63,247,254,127,239,252,63,247,254,127,239,252,63,247,254,127,239,252,63,247,254,127,239,252,63,247,254,127,239,252,63,247,254,127,239,252,63,247,254,127,239,252,63,247,254,127,239,252,0,0,0,0,0,0,0,0,0,0,0,0},
  {0,0,0,0,0,0,0,0,0,0,0,0,0,0,0,0,15,252,0,0,0,0,15,252,0,0,0,0,15,252,0,0,0,0,15,252,0,0,0,0,15,252,0,0,0,0,15,252,0,0,0,0,15,252,0,0,0,0,15,252,0,0,0,0,15,252,0,0,0,0,15,252,0,0,0,127,207,252,0,0,0,127,239,252,0,0,0,127,239,252,0,0,0,127,239,252,0,0,0,127,239,252,0,0,0,127,239,252,0,0,0,127,239,252,0,0,0,127,239,252,0,0,0,127,239,252,0,0,0,127,239,252,0,0,0,127,239,252,0,7,254,127,239,252,0,7,254,127,239,252,0,7,254,127,239,252,0,7,254,127,239,252,0,7,254,127,239,252,0,7,254,127,239,252,0,7,254,127,239,252,0,7,254,127,239,252,0,7,254,127,239,252,0,7,254,127,239,252,63,231,254,127,239,252,63,247,254,127,239,252,63,247,254,127,239,252,63,247,254,127,239,252,63,247,254,127,239,252,63,247,254,127,239,252,63,247,254,127,239,252,63,247,254,127,239,252,63,247,254,127,239,252,63,247,254,127,239,252,63,247,254,127,239,252,63,247,254,127,239,252,63,247,254,127,239,252,0,0,0,0,0,0,0,0,0,0,0,0},
  {0,0,0,0,0,0,0,0,0,0,0,0,0,0,0,0,15,252,0,0,0,0,15,252,0,0,0,0,15,252,0,0,0,0,15,252,0,0,0,0,15,252,0,0,0,0,15,252,0,0,0,0,15,252,0,0,0,0,15,252,0,0,0,0,15,252,0,0,0,0,15,252,0,0,0,127,207,252,0,0,0,127,239,252,0,0,0,127,239,252,0,0,0,127,239,252,0,0,0,127,239,252,0,0,0,127,239,252,0,0,0,127,239,252,0,0,0,127,239,252,0,0,0,127,239,252,0,0,0,127,239,252,0,0,0,127,239,252,0,7,254,127,239,252,0,7,254,127,239,252,0,7,254,127,239,252,0,7,254,127,239,252,0,7,254,127,239,252,0,7,254,127,239,252,0,7,254,127,239,252,0,7,254,127,239,252,0,7,254,127,239,252,0,7,254,127,239,252,63,231,254,127,239,252,63,247,254,127,239,252,63,247,254,127,239,252,63,247,254,127,239,252,63,247,254,127,239,252,63,247,254,127,239,252,63,247,254,127,239,252,63,247,254,127,239,252,63,247,254,127,239,252,63,247,254,127,239,252,63,247,254,127,239,252,63,247,254,127,239,252,63,247,254,127,239,252,0,0,0,0,0,0,0,0,0,0,0,0},
  {0,0,0,0,0,0,0,0,0,0,0,0,0,0,0,0,15,252,0,0,0,0,15,252,0,0,0,0,15,140,0,0,0,0,15,140,0,0,0,0,15,140,0,0,0,0,15,140,0,0,0,0,15,140,0,0,0,0,15,140,0,0,0,0,15,140,0,0,0,0,15,140,0,0,0,127,207,140,0,0,0,127,239,140,0,0,0,127,239,140,0,0,0,127,239,140,0,0,0,127,239,140,0,0,0,127,239,140,0,0,0,127,239,140,0,0,0,127,239,140,0,0,0,127,239,140,0,0,0,127,239,140,0,0,0,127,239,140,0,7,254,127,239,140,0,7,254,127,239,140,0,7,254,127,239,140,0,7,254,127,239,140,0,7,254,127,239,140,0,7,254,127,239,140,0,7,254,127,239,140,0,7,254,127,239,140,0,7,254,127,239,140,0,7,254,127,239,140,63,231,254,127,239,140,63,247,254,127,239,140,63,247,254,127,239,140,63,247,254,127,239,140,63,247,254,127,239,140,63,247,254,127,239,140,63,247,254,127,239,140,63,247,254,127,239,140,63,247,254,127,239,140,63,247,254,127,239,140,63,247,254,127,239,140,63,247,254,127,239,252,63,247,254,127,239,252,0,0,0,0,0,0,0,0,0,0,0,0},
  {0,0,0,0,0,0,0,0,0,0,0,0,0,0,0,0,15,252,0,0,0,0,15,252,0,0,0,0,12,12,0,0,0,0,12,12,0,0,0,0,12,12,0,0,0,0,12,12,0,0,0,0,12,12,0,0,0,0,12,12,0,0,0,0,12,12,0,0,0,0,12,12,0,0,0,127,204,12,0,0,0,127,236,12,0,0,0,127,236,12,0,0,0,127,236,12,0,0,0,127,236,12,0,0,0,127,236,12,0,0,0,127,236,12,0,0,0,127,236,12,0,0,0,127,236,12,0,0,0,127,236,12,0,0,0,127,236,12,0,7,254,127,236,12,0,7,254,127,236,12,0,7,254,127,236,12,0,7,254,127,236,12,0,7,254,127,236,12,0,7,254,127,236,12,0,7,254,127,236,12,0,7,254,127,236,12,0,7,254,127,236,12,0,7,254,127,236,12,63,231,254,127,236,12,63,247,254,127,236,12,63,247,254,127,236,12,63,247,254,127,236,12,63,247,254,127,236,12,63,247,254,127,236,12,63,247,254,127,236,12,63,247,254,127,236,12,63,247,254,127,236,12,63,247,254,127,236,12,63,247,254,127,236,12,63,247,254,127,239,252,63,247,254,127,239,252,0,0,0,0,0,0,0,0,0,0,0,0},
  {0,0,0,0,0,0,0,0,0,0,0,0,0,0,0,0,15,252,0,0,0,0,15,252,0,0,0,0,12,12,0,0,0,0,12,12,0,0,0,0,12,12,0,0,0,0,12,12,0,0,0,0,12,12,0,0,0,0,12,12,0,0,0,0,12,12,0,0,0,0,12,12,0,0,0,127,204,12,0,0,0,127,236,12,0,0,0,127,236,12,0,0,0,124,108,12,0,0,0,124,108,12,0,0,0,124,108,12,0,0,0,124,108,12,0,0,0,124,108,12,0,0,0,124,108,12,0,0,0,124,108,12,0,0,0,124,108,12,0,7,254,124,108,12,0,7,254,124,108,12,0,7,254,124,108,12,0,7,254,124,108,12,0,7,254,124,108,12,0,7,254,124,108,12,0,7,254,124,108,12,0,7,254,124,108,12,0,7,254,124,108,12,0,7,254,124,108,12,63,231,254,124,108,12,63,247,254,124,108,12,63,247,254,124,108,12,63,247,254,124,108,12,63,247,254,124,108,12,63,247,254,124,108,12,63,247,254,124,108,12,63,247,254,124,108,12,63,247,254,124,108,12,63,247,254,124,108,12,63,247,254,124,108,12,63,247,254,127,239,252,63,247,254,127,239,252,0,0,0,0,0,0,0,0,0,0,0,0},
  {0,0,0,0,0,0,0,0,0,0,0,0,0,0,0,0,15,252,0,0,0,0,15,252,0,0,0,0,12,12,0,0,0,0,12,12,0,0,0,0,12,12,0,0,0,0,12,12,0,0,0,0,12,12,0,0,0,0,12,12,0,0,0,0,12,12,0,0,0,0,12,12,0,0,0,127,204,12,0,0,0,127,236,12,0,0,0,127,236,12,0,0,0,96,108,12,0,0,0,96,108,12,0,0,0,96,108,12,0,0,0,96,108,12,0,0,0,96,108,12,0,0,0,96,108,12,0,0,0,96,108,12,0,0,0,96,108,12,0,7,254,96,108,12,0,7,254,96,108,12,0,7,254,96,108,12,0,7,254,96,108,12,0,7,254,96,108,12,0,7,254,96,108,12,0,7,254,96,108,12,0,7,254,96,108,12,0,7,254,96,108,12,0,7,254,96,108,12,63,231,254,96,108,12,63,247,254,96,108,12,63,247,254,96,108,12,63,247,254,96,108,12,63,247,254,96,108,12,63,247,254,96,108,12,63,247,254,96,108,12,63,247,254,96,108,12,63,247,254,96,108,12,63,247,254,96,108,12,63,247,254,96,108,12,63,247,254,127,239,252,63,247,254,127,239,252,0,0,0,0,0,0,0,0,0,0,0,0},
  {0,0,0,0,0,0,0,0,0,0,0,0,0,0,0,0,15,252,0,0,0,0,15,252,0,0,0,0,12,12,0,0,0,0,12,12,0,0,0,0,12,12,0,0,0,0,12,12,0,0,0,0,12,12,0,0,0,0,12,12,0,0,0,0,12,12,0,0,0,0,12,12,0,0,0,127,204,12,0,0,0,127,236,12,0,0,0,127,236,12,0,0,0,96,108,12,0,0,0,96,108,12,0,0,0,96,108,12,0,0,0,96,108,12,0,0,0,96,108,12,0,0,0,96,108,12,0,0,0,96,108,12,0,0,0,96,108,12,0,7,254,96,108,12,0,7,254,96,108,12,0,7,198,96,108,12,0,7,198,96,108,12,0,7,198,96,108,12,0,7,198,96,108,12,0,7,198,96,108,12,0,7,198,96,108,12,0,7,198,96,108,12,0,7,198,96,108,12,63,231,198,96,108,12,63,247,198,96,108,12,63,247,198,96,108,12,63,247,198,96,108,12,63,247,198,96,108,12,63,247,198,96,108,12,63,247,198,96,108,12,63,247,198,96,108,12,63,247,198,96,108,12,63,247,198,96,108,12,63,247,198,96,108,12,63,247,254,127,239,252,63,247,254,127,239,252,0,0,0,0,0,0,0,0,0,0,0,0},
  {0,0,0,0,0,0,0,0,0,0,0,0,0,0,0,0,15,252,0,0,0,0,15,252,0,0,0,0,12,12,0,0,0,0,12,12,0,0,0,0,12,12,0,0,0,0,12,12,0,0,0,0,12,12,0,0,0,0,12,12,0,0,0,0,12,12,0,0,0,0,12,12,0,0,0,127,204,12,0,0,0,127,236,12,0,0,0,127,236,12,0,0,0,96,108,12,0,0,0,96,108,12,0,0,0,96,108,12,0,0,0,96,108,12,0,0,0,96,108,12,0,0,0,96,108,12,0,0,0,96,108,12,0,0,0,96,108,12,0,7,254,96,108,12,0,7,254,96,108,12,0,6,6,96,108,12,0,6,6,96,108,12,0,6,6,96,108,12,0,6,6,96,108,12,0,6,6,96,108,12,0,6,6,96,108,12,0,6,6,96,108,12,0,6,6,96,108,12,63,230,6,96,108,12,63,246,6,96,108,12,63,246,6,96,108,12,63,246,6,96,108,12,63,246,6,96,108,12,63,246,6,96,108,12,63,246,6,96,108,12,63,246,6,96,108,12,63,246,6,96,108,12,63,246,6,96,108,12,63,246,6,96,108,12,63,247,254,127,239,252,63,247,254,127,239,252,0,0,0,0,0,0,0,0,0,0,0,0},
  {0,0,0,0,0,0,0,0,0,0,0,0,0,0,0,0,15,252,0,0,0,0,15,252,0,0,0,0,12,12,0,0,0,0,12,12,0,0,0,0,12,12,0,0,0,0,12,12,0,0,0,0,12,12,0,0,0,0,12,12,0,0,0,0,12,12,0,0,0,0,12,12,0,0,0,127,204,12,0,0,0,127,236,12,0,0,0,127,236,12,0,0,0,96,108,12,0,0,0,96,108,12,0,0,0,96,108,12,0,0,0,96,108,12,0,0,0,96,108,12,0,0,0,96,108,12,0,0,0,96,108,12,0,0,0,96,108,12,0,7,254,96,108,12,0,7,254,96,108,12,0,6,6,96,108,12,0,6,6,96,108,12,0,6,6,96,108,12,0,6,6,96,108,12,0,6,6,96,108,12,0,6,6,96,108,12,0,6,6,96,108,12,0,6,6,96,108,12,63,230,6,96,108,12,63,246,6,96,108,12,63,246,6,96,108,12,62,54,6,96,108,12,62,54,6,96,108,12,62,54,6,96,108,12,62,54,6,96,108,12,62,54,6,96,108,12,62,54,6,96,108,12,62,54,6,96,108,12,62,54,6,96,108,12,63,247,254,127,239,252,63,247,254,127,239,252,0,0,0,0,0,0,0,0,0,0,0,0},
  {0,0,0,0,0,0,0,0,0,0,0,0,0,0,0,0,15,252,0,0,0,0,15,252,0,0,0,0,12,12,0,0,0,0,12,12,0,0,0,0,12,12,0,0,0,0,12,12,0,0,0,0,12,12,0,0,0,0,12,12,0,0,0,0,12,12,0,0,0,0,12,12,0,0,0,127,204,12,0,0,0,127,236,12,0,0,0,127,236,12,0,0,0,96,108,12,0,0,0,96,108,12,0,0,0,96,108,12,0,0,0,96,108,12,0,0,0,96,108,12,0,0,0,96,108,12,0,0,0,96,108,12,0,0,0,96,108,12,0,7,254,96,108,12,0,7,254,96,108,12,0,6,6,96,108,12,0,6,6,96,108,12,0,6,6,96,108,12,0,6,6,96,108,12,0,6,6,96,108,12,0,6,6,96,108,12,0,6,6,96,108,12,0,6,6,96,108,12,63,230,6,96,108,12,63,246,6,96,108,12,63,246,6,96,108,12,48,54,6,96,108,12,48,54,6,96,108,12,48,54,6,96,108,12,48,54,6,96,108,12,48,54,6,96,108,12,48,54,6,96,108,12,48,54,6,96,108,12,48,54,6,96,108,12,63,247,254,127,239,252,63,247,254,127,239,252,0,0,0,0,0,0,0,0,0,0,0,0},
  {0,0,0,0,0,0,0,0,0,0,0,0,0,0,0,0,15,252,0,0,0,0,15,252,0,0,0,0,12,12,0,0,0,0,12,12,0,0,0,0,12,12,0,0,0,0,12,12,0,0,0,0,12,12,0,0,0,0,12,12,0,0,0,0,12,12,0,0,0,0,12,12,0,0,0,127,204,12,0,0,0,127,236,12,0,0,0,127,236,12,0,0,0,96,108,12,0,0,0,96,108,12,0,0,0,96,108,12,0,0,0,96,108,12,0,0,0,96,108,12,0,0,0,96,108,12,0,0,0,96,108,12,0,0,0,96,108,12,0,7,254,96,108,12,0,7,254,96,108,12,0,6,6,96,108,12,0,6,6,96,108,12,0,6,6,96,108,12,0,6,6,96,108,12,0,6,6,96,108,12,0,6,6,96,108,12,0,6,6,96,108,12,0,6,6,96,108,12,63,230,6,96,108,12,63,246,6,96,108,12,63,246,6,96,108,12,48,54,6,96,108,12,48,54,6,96,108,12,48,54,6,96,108,12,48,54,6,96,108,12,48,54,6,96,108,12,48,54,6,96,108,12,48,54,6,96,108,12,48,54,6,96,108,12,63,247,254,127,239,252,63,247,254,127,239,252,0,0,0,0,0,0,0,0,0,0,0,0},
  {0,0,0,0,0,0,0,0,0,0,0,0,0,0,0,0,15,252,0,0,0,0,15,252,0,0,0,0,12,12,0,0,0,0,12,12,0,0,0,0,12,12,0,0,0,0,12,12,0,0,0,0,12,12,0,0,0,0,12,12,0,0,0,0,12,12,0,0,0,0,12,12,0,0,0,127,204,12,0,0,0,127,236,12,0,0,0,127,236,12,0,0,0,96,108,12,0,0,0,96,108,12,0,0,0,96,108,12,0,0,0,96,108,12,0,0,0,96,108,12,0,0,0,96,108,12,0,0,0,96,108,12,0,0,0,96,108,12,0,7,254,96,108,12,0,7,254,96,108,12,0,6,6,96,108,12,0,6,6,96,108,12,0,6,6,96,108,12,0,6,6,96,108,12,0,6,6,96,108,12,0,6,6,96,108,12,0,6,6,96,108,12,0,6,6,96,108,12,63,230,6,96,108,12,63,246,6,96,108,12,63,246,6,96,108,12,48,54,6,96,108,12,48,54,6,96,108,12,48,54,6,96,108,12,48,54,6,96,108,12,48,54,6,96,108,12,48,54,6,96,108,12,48,54,6,96,108,12,48,54,6,96,108,12,63,247,254,127,239,252,63,247,254,127,239,252,0,0,0,0,0,0,0,0,0,0,0,0}
};

void setup() {
  display.begin(SSD1306_SWITCHCAPVCC, SCREEN_I2C_ADDR);
}

int frame = 0;
void loop() {
  display.clearDisplay();
  display.drawBitmap(40, 8, frames[frame], FRAME_WIDTH, FRAME_HEIGHT, 1);
  display.display();
  frame = (frame + 1) % FRAME_COUNT;
  delay(FRAME_DELAY);
}
