#include <Adafruit_GFX.h>
#include <Adafruit_SSD1306.h>

#define SCREEN_I2C_ADDR 0x3D // or 0x3C
#define SCREEN_WIDTH 128     // OLED display width, in pixels
#define SCREEN_HEIGHT 64     // OLED display height, in pixels
#define OLED_RST_PIN -1      // Reset pin (-1 if not available)

Adafruit_SSD1306 display(128, 64, &Wire, OLED_RST_PIN);

// OLED Animation: paint roller
// Code auto-generated by https://wokwi.com/animator, graphics by icons8.com

#define FRAME_DELAY (42)
#define FRAME_WIDTH (48)
#define FRAME_HEIGHT (48)
#define FRAME_COUNT (sizeof(frames) / sizeof(frames[0]))
const byte PROGMEM frames[][288] = {
  {0,0,0,0,0,0,63,255,255,255,255,192,127,255,255,255,255,192,96,0,0,0,0,192,96,0,0,0,0,192,96,0,0,0,0,192,96,0,0,0,0,192,96,0,0,0,0,192,96,0,0,0,0,248,96,0,0,0,0,248,96,0,0,0,0,216,96,0,0,0,0,216,96,0,0,0,0,216,96,0,0,0,0,216,127,255,255,255,255,216,127,255,255,255,255,216,0,0,0,0,0,24,0,0,0,0,0,24,0,0,0,0,0,24,0,0,0,0,3,248,0,0,0,0,127,224,0,0,0,7,254,0,0,0,0,255,192,0,0,0,7,248,0,0,0,0,7,128,0,0,0,0,6,0,0,0,0,0,6,0,0,0,0,0,6,0,0,0,0,0,63,192,0,0,0,0,127,224,0,0,0,0,96,96,0,0,0,0,96,96,0,0,0,0,96,96,0,0,0,0,96,96,0,0,0,0,96,96,0,0,0,0,96,96,0,0,0,0,96,96,0,0,0,0,96,96,0,0,0,0,96,96,0,0,0,0,96,96,0,0,0,0,96,96,0,0,0,0,96,96,0,0,0,0,96,96,0,0,0,0,96,96,0,0,0,0,96,96,0,0,0,0,127,224,0,0,0,0,63,192,0,0,0,0,0,0,0,0},
  {0,0,0,0,0,0,63,255,255,255,255,192,127,255,255,255,255,192,96,0,0,0,0,192,96,0,0,0,0,192,96,0,0,0,0,192,96,0,0,0,0,192,96,0,0,0,0,192,96,0,0,0,0,248,96,0,0,0,0,248,96,0,0,0,0,216,96,0,0,0,0,216,96,0,0,0,0,216,96,0,0,0,0,216,127,255,255,255,255,216,127,255,255,255,255,216,0,0,0,0,0,24,0,0,0,0,0,24,0,0,0,0,0,24,0,0,0,0,3,248,0,0,0,0,127,224,0,0,0,7,254,0,0,0,0,255,192,0,0,0,7,248,0,0,0,0,7,128,0,0,0,0,6,0,0,0,0,0,6,0,0,0,0,0,6,0,0,0,0,0,63,192,0,0,0,0,127,224,0,0,0,0,96,96,0,0,0,0,96,96,0,0,0,0,96,96,0,0,0,0,96,96,0,0,0,0,96,96,0,0,0,0,96,96,0,0,0,0,96,96,0,0,0,0,96,96,0,0,0,0,96,96,0,0,0,0,96,96,0,0,0,0,96,96,0,0,0,0,96,96,0,0,0,0,96,96,0,0,0,0,96,96,0,0,0,0,96,96,0,0,0,0,127,224,0,0,0,0,63,192,0,0,0,0,0,0,0,0},
  {0,0,0,0,0,0,63,255,255,255,255,192,127,255,255,255,255,192,96,0,0,0,0,192,96,0,0,0,0,192,96,0,0,0,0,192,96,0,0,0,0,192,96,0,0,0,0,192,96,0,0,0,0,248,96,0,0,0,0,248,96,0,0,0,0,216,96,0,0,0,0,216,96,0,0,0,0,216,96,0,0,0,0,216,127,255,255,255,255,216,127,255,255,255,255,216,0,0,0,0,0,24,0,0,0,0,0,24,0,0,0,0,0,24,0,0,0,0,3,248,0,0,0,0,127,224,0,0,0,7,254,0,0,0,0,255,192,0,0,0,7,248,0,0,0,0,7,128,0,0,0,0,6,0,0,0,0,0,6,0,0,0,0,0,6,0,0,0,0,0,63,192,0,0,0,0,127,224,0,0,0,0,96,96,0,0,0,0,96,96,0,0,0,0,96,96,0,0,0,0,96,96,0,0,0,0,96,96,0,0,0,0,96,96,0,0,0,0,96,96,0,0,0,0,96,96,0,0,0,0,96,96,0,0,0,0,96,96,0,0,0,0,96,96,0,0,0,0,96,96,0,0,0,0,96,96,0,0,0,0,96,96,0,0,0,0,96,96,0,0,0,0,127,224,0,0,0,0,63,192,0,0,0,0,0,0,0,0},
  {0,0,0,0,0,0,63,255,255,255,255,192,127,255,255,255,255,192,96,0,0,0,0,192,96,0,0,0,0,192,96,0,0,0,0,192,96,0,0,0,0,192,96,0,0,0,0,192,96,0,0,0,0,248,96,0,0,0,0,248,96,0,0,0,0,216,96,0,0,0,0,216,96,0,0,0,0,216,96,0,0,0,0,216,127,255,255,255,255,216,127,255,255,255,255,216,0,0,0,0,0,24,0,0,0,0,0,24,0,0,0,0,0,24,0,0,0,0,3,248,0,0,0,0,127,224,0,0,0,7,254,0,0,0,0,255,192,0,0,0,7,248,0,0,0,0,7,128,0,0,0,0,6,0,0,0,0,0,6,0,0,0,0,0,6,0,0,0,0,0,63,192,0,0,0,0,127,224,0,0,0,0,96,96,0,0,0,0,96,96,0,0,0,0,96,96,0,0,0,0,96,96,0,0,0,0,96,96,0,0,0,0,96,96,0,0,0,0,96,96,0,0,0,0,96,96,0,0,0,0,96,96,0,0,0,0,96,96,0,0,0,0,96,96,0,0,0,0,96,96,0,0,0,0,96,96,0,0,0,0,96,96,0,0,0,0,96,96,0,0,0,0,127,224,0,0,0,0,63,192,0,0,0,0,0,0,0,0},
  {0,0,0,0,0,0,63,255,255,255,255,192,127,255,255,255,255,192,96,0,0,0,0,192,96,0,0,0,0,192,96,0,0,0,0,192,96,0,0,0,0,192,96,0,0,0,0,192,96,0,0,0,0,248,96,0,0,0,0,248,96,0,0,0,0,216,96,0,0,0,0,216,96,0,0,0,0,216,96,0,0,0,0,216,127,255,255,255,255,216,127,255,255,255,255,216,0,0,0,0,0,24,0,0,0,0,0,24,0,0,0,0,0,24,0,0,0,0,3,248,0,0,0,0,127,192,0,0,0,7,252,0,0,0,0,255,128,0,0,0,7,248,0,0,0,0,7,0,0,0,0,0,6,0,0,0,0,0,6,0,0,0,0,0,6,0,0,0,0,0,63,192,0,0,0,0,127,224,0,0,0,0,96,96,0,0,0,0,96,96,0,0,0,0,96,96,0,0,0,0,96,96,0,0,0,0,96,96,0,0,0,0,96,96,0,0,0,0,96,96,0,0,0,0,96,96,0,0,0,0,96,96,0,0,0,0,96,96,0,0,0,0,96,96,0,0,0,0,96,96,0,0,0,0,96,96,0,0,0,0,96,96,0,0,0,0,96,96,0,0,0,0,127,224,0,0,0,0,63,192,0,0,0,0,0,0,0,0},
  {0,0,0,0,0,0,63,255,255,255,255,192,127,255,255,255,255,192,96,0,0,0,0,192,96,0,0,0,0,192,96,0,0,0,0,192,96,0,0,0,0,192,96,0,0,0,0,192,96,0,0,0,0,248,96,0,0,0,0,248,96,0,0,0,0,216,96,0,0,0,0,216,96,0,0,0,0,216,96,0,0,0,0,216,127,255,255,255,255,216,127,255,255,255,255,216,0,0,0,0,0,24,0,0,0,0,0,24,0,0,0,0,0,24,0,0,0,0,3,248,0,0,0,0,127,192,0,0,0,15,248,0,0,0,1,255,128,0,0,0,7,240,0,0,0,0,7,0,0,0,0,0,6,0,0,0,0,0,6,0,0,0,0,0,6,0,0,0,0,0,63,192,0,0,0,0,127,224,0,0,0,0,96,96,0,0,0,0,96,96,0,0,0,0,96,96,0,0,0,0,96,96,0,0,0,0,96,96,0,0,0,0,96,96,0,0,0,0,96,96,0,0,0,0,96,96,0,0,0,0,96,96,0,0,0,0,96,96,0,0,0,0,96,96,0,0,0,0,96,96,0,0,0,0,96,96,0,0,0,0,96,96,0,0,0,0,96,96,0,0,0,0,127,224,0,0,0,0,63,192,0,0,0,0,0,0,0,0},
  {0,0,0,0,0,0,63,255,255,255,255,192,127,255,255,255,255,192,96,0,0,0,0,192,96,0,0,0,0,192,96,0,0,0,0,192,96,0,0,0,0,192,96,0,0,0,0,192,96,0,0,0,0,248,96,0,0,0,0,248,96,0,0,0,0,216,96,0,0,0,0,216,96,0,0,0,0,216,96,0,0,0,0,216,127,255,255,255,255,216,127,255,255,255,255,216,0,0,0,0,0,24,0,0,0,0,0,24,0,0,0,0,0,56,0,0,0,0,7,248,0,0,0,0,255,128,0,0,0,31,240,0,0,0,3,255,0,0,0,0,7,224,0,0,0,0,6,0,0,0,0,0,6,0,0,0,0,0,6,0,0,0,0,0,15,128,0,0,0,0,63,224,0,0,0,0,96,96,0,0,0,0,96,96,0,0,0,0,96,96,0,0,0,0,96,96,0,0,0,0,96,96,0,0,0,0,96,96,0,0,0,0,96,96,0,0,0,0,96,96,0,0,0,0,96,96,0,0,0,0,96,96,0,0,0,0,96,96,0,0,0,0,96,96,0,0,0,0,96,96,0,0,0,0,96,96,0,0,0,0,96,96,0,0,0,0,127,224,0,0,0,0,63,192,0,0,0,0,0,0,0,0,0,0,0,0,0,0},
  {0,0,0,0,0,0,63,255,255,255,255,192,127,255,255,255,255,192,96,0,0,0,0,192,96,0,0,0,0,192,96,0,0,0,0,192,96,0,0,0,0,192,96,0,0,0,0,192,96,0,0,0,0,248,96,0,0,0,0,248,96,0,0,0,0,216,96,0,0,0,0,216,96,0,0,0,0,216,96,0,0,0,0,216,127,255,255,255,255,216,127,255,255,255,255,216,0,0,0,0,0,24,0,0,0,0,0,24,0,0,0,0,1,248,0,0,0,0,63,224,0,0,0,15,252,0,0,0,1,255,128,0,0,0,7,240,0,0,0,0,7,0,0,0,0,0,6,0,0,0,0,0,6,0,0,0,0,0,6,0,0,0,0,0,63,192,0,0,0,0,127,224,0,0,0,0,96,96,0,0,0,0,96,96,0,0,0,0,96,96,0,0,0,0,96,96,0,0,0,0,96,96,0,0,0,0,96,96,0,0,0,0,96,96,0,0,0,0,96,96,0,0,0,0,96,96,0,0,0,0,96,96,0,0,0,0,96,96,0,0,0,0,96,96,0,0,0,0,96,96,0,0,0,0,96,96,0,0,0,0,127,224,0,0,0,0,63,192,0,0,0,0,0,0,0,0,0,0,0,0,0,0,0,0,0,0,0,0},
  {0,0,0,0,0,0,0,0,0,0,0,0,0,0,0,0,0,0,0,0,0,0,0,0,63,255,255,255,255,192,127,255,255,255,255,192,127,252,0,0,0,192,96,0,0,0,0,192,96,0,0,255,255,192,96,0,0,255,255,192,96,0,0,0,0,192,96,0,0,0,0,248,96,0,0,0,0,248,96,0,0,0,0,216,96,0,0,0,0,216,96,0,0,0,0,216,96,0,0,0,0,216,127,255,255,255,255,216,127,255,255,255,255,200,0,0,0,0,0,8,0,0,0,0,0,248,0,0,0,0,31,248,0,0,0,7,255,128,0,0,1,255,224,0,0,0,7,248,0,0,0,0,7,0,0,0,0,0,6,0,0,0,0,0,6,0,0,0,0,0,6,0,0,0,0,0,63,192,0,0,0,0,127,224,0,0,0,0,96,96,0,0,0,0,96,96,0,0,0,0,96,96,0,0,0,0,96,96,0,0,0,0,96,96,0,0,0,0,96,96,0,0,0,0,96,96,0,0,0,0,96,96,0,0,0,0,96,96,0,0,0,0,96,96,0,0,0,0,96,96,0,0,0,0,96,96,0,0,0,0,96,96,0,0,0,0,127,224,0,0,0,0,63,192,0,0,0,0,0,0,0,0,0,0,0,0,0,0},
  {0,0,0,0,0,0,0,0,0,0,0,0,0,0,0,0,0,0,0,0,0,0,0,0,0,0,0,0,0,0,0,0,0,0,0,0,127,255,255,255,255,192,127,255,255,255,255,192,96,0,0,0,0,192,96,0,0,0,0,192,127,254,0,0,0,192,127,254,0,0,0,192,96,0,0,0,0,240,96,0,0,255,255,248,96,0,0,255,255,216,96,0,0,0,0,216,96,0,0,0,0,216,96,0,0,0,0,216,96,0,0,0,0,200,127,255,255,255,255,200,127,255,255,255,255,204,0,0,0,0,0,60,0,0,0,0,31,248,0,0,0,7,255,192,0,0,1,255,240,0,0,0,7,252,0,0,0,0,7,0,0,0,0,0,6,0,0,0,0,0,6,0,0,0,0,0,6,0,0,0,0,0,15,128,0,0,0,0,63,224,0,0,0,0,96,96,0,0,0,0,96,96,0,0,0,0,96,96,0,0,0,0,96,96,0,0,0,0,96,96,0,0,0,0,96,96,0,0,0,0,96,96,0,0,0,0,96,96,0,0,0,0,96,96,0,0,0,0,96,96,0,0,0,0,96,32,0,0,0,0,64,48,0,0,0,0,127,224,0,0,0,0,127,224,0,0,0,0,0,0,0,0,0,0,0,0,0,0},
  {0,0,0,0,0,0,0,0,0,0,0,0,0,0,0,0,0,0,0,0,0,0,0,0,0,0,0,0,0,0,0,0,0,0,0,0,0,0,0,0,0,0,127,255,255,255,255,192,127,255,255,255,255,192,96,0,15,255,192,192,96,0,15,255,192,192,96,0,0,0,0,192,96,0,0,0,0,192,96,0,0,0,0,192,127,254,0,0,0,248,127,254,0,0,0,248,96,0,0,0,0,216,96,0,0,255,255,216,96,0,0,255,255,216,96,0,0,0,0,200,127,255,255,255,255,204,127,255,255,255,255,204,0,0,0,0,0,124,0,0,0,0,31,248,0,0,0,15,255,0,0,0,3,255,192,0,0,0,7,240,0,0,0,0,6,0,0,0,0,0,6,0,0,0,0,0,6,0,0,0,0,0,6,0,0,0,0,0,63,192,0,0,0,0,63,224,0,0,0,0,96,96,0,0,0,0,96,96,0,0,0,0,96,96,0,0,0,0,96,96,0,0,0,0,96,96,0,0,0,0,96,96,0,0,0,0,96,96,0,0,0,0,96,96,0,0,0,0,96,32,0,0,0,0,64,48,0,0,0,0,192,48,0,0,0,0,255,240,0,0,0,0,127,224,0,0,0,0,0,0,0,0,0,0,0,0,0,0},
  {0,0,0,0,0,0,0,0,0,0,0,0,0,0,0,0,0,0,0,0,0,0,0,0,0,0,0,0,0,0,0,0,0,0,0,0,0,0,0,0,0,0,0,0,0,0,0,0,127,255,255,255,255,192,127,255,255,255,255,192,127,192,0,0,0,192,127,0,7,255,128,192,96,0,15,255,192,192,96,0,7,255,128,192,96,0,0,0,0,240,96,0,0,0,0,248,127,252,0,0,0,248,127,254,0,0,0,216,96,0,0,0,0,216,96,0,0,127,255,200,96,0,0,255,255,204,127,255,255,255,255,204,127,255,255,255,255,204,0,0,0,0,3,252,0,0,0,0,255,248,0,0,0,127,252,0,0,0,7,255,0,0,0,0,7,128,0,0,0,0,6,0,0,0,0,0,6,0,0,0,0,0,6,0,0,0,0,0,6,0,0,0,0,0,63,192,0,0,0,0,127,224,0,0,0,0,96,96,0,0,0,0,96,96,0,0,0,0,96,96,0,0,0,0,96,96,0,0,0,0,96,96,0,0,0,0,96,96,0,0,0,0,96,96,0,0,0,0,64,32,0,0,0,0,192,48,0,0,0,0,192,48,0,0,0,0,192,48,0,0,0,0,127,224,0,0,0,0,127,224,0,0,0,0,0,0,0,0},
  {0,0,0,0,0,0,0,0,0,0,0,0,0,0,0,0,0,0,0,0,0,0,0,0,0,0,0,0,0,0,0,0,0,0,0,0,0,0,0,0,0,0,0,0,0,0,0,0,63,255,255,255,255,128,127,255,255,255,255,192,96,0,0,0,0,192,127,128,0,0,0,192,127,192,0,0,0,192,96,0,7,255,192,192,96,0,15,255,192,192,96,0,0,0,0,248,96,0,0,0,0,248,96,0,0,0,0,216,127,254,0,0,0,216,127,254,0,0,0,200,96,0,0,0,0,204,96,0,0,255,255,204,127,255,255,255,255,204,31,255,255,255,255,252,0,0,0,0,31,252,0,0,0,15,255,128,0,0,3,255,192,0,0,0,7,224,0,0,0,0,6,0,0,0,0,0,6,0,0,0,0,0,6,0,0,0,0,0,6,0,0,0,0,0,63,192,0,0,0,0,63,224,0,0,0,0,96,96,0,0,0,0,96,96,0,0,0,0,96,96,0,0,0,0,96,96,0,0,0,0,96,96,0,0,0,0,96,96,0,0,0,0,96,96,0,0,0,0,64,32,0,0,0,0,192,48,0,0,0,0,192,48,0,0,0,0,192,48,0,0,0,0,255,240,0,0,0,0,127,224,0,0,0,0,0,0,0,0},
  {0,0,0,0,0,0,0,0,0,0,0,0,0,0,0,0,0,0,0,0,0,0,0,0,0,0,0,0,0,0,0,0,0,0,0,0,0,0,0,0,0,0,0,0,0,0,0,0,31,255,255,255,255,0,127,255,255,255,255,192,127,255,255,255,255,192,96,0,0,0,0,192,127,128,0,0,0,192,127,192,0,0,0,192,96,0,15,255,192,192,96,0,15,255,192,248,96,0,0,0,0,248,96,0,0,0,0,216,96,0,0,0,0,216,127,254,0,0,0,216,127,254,0,0,0,200,96,0,0,0,0,204,127,255,255,255,255,204,63,255,255,255,255,220,0,0,0,0,7,252,0,0,0,3,255,224,0,0,0,255,240,0,0,0,7,248,0,0,0,0,6,0,0,0,0,0,6,0,0,0,0,0,6,0,0,0,0,0,6,0,0,0,0,0,15,128,0,0,0,0,63,224,0,0,0,0,127,224,0,0,0,0,96,96,0,0,0,0,96,96,0,0,0,0,96,96,0,0,0,0,96,96,0,0,0,0,96,96,0,0,0,0,96,96,0,0,0,0,64,32,0,0,0,0,192,48,0,0,0,0,192,48,0,0,0,0,192,48,0,0,0,0,255,240,0,0,0,0,127,224,0,0,0,0,0,0,0,0},
  {0,0,0,0,0,0,0,0,0,0,0,0,0,0,0,0,0,0,0,0,0,0,0,0,0,0,0,0,0,0,0,0,0,0,0,0,0,0,0,0,0,0,0,0,0,0,0,0,0,0,0,0,0,0,127,255,255,255,255,192,127,255,255,255,255,192,96,0,0,0,0,192,127,0,0,0,0,192,127,192,0,0,0,192,127,0,7,255,128,192,96,0,15,255,192,248,96,0,0,0,0,248,96,0,0,0,0,216,96,0,0,0,0,216,127,254,0,0,0,216,127,254,0,0,0,200,96,0,0,0,0,204,127,255,255,255,255,204,63,255,255,255,255,220,0,0,0,0,7,252,0,0,0,3,255,224,0,0,0,255,240,0,0,0,7,248,0,0,0,0,6,0,0,0,0,0,6,0,0,0,0,0,6,0,0,0,0,0,6,0,0,0,0,0,6,0,0,0,0,0,63,192,0,0,0,0,127,224,0,0,0,0,96,96,0,0,0,0,96,96,0,0,0,0,96,96,0,0,0,0,96,96,0,0,0,0,96,96,0,0,0,0,96,96,0,0,0,0,64,32,0,0,0,0,192,48,0,0,0,0,192,48,0,0,0,0,192,48,0,0,0,0,255,240,0,0,0,0,127,224,0,0,0,0,0,0,0,0},
  {0,0,0,0,0,0,0,0,0,0,0,0,0,0,0,0,0,0,0,0,0,0,0,0,0,0,0,0,0,0,0,0,0,0,0,0,0,0,0,0,0,0,0,0,0,0,0,0,31,255,255,255,255,0,127,255,255,255,255,192,127,255,255,255,255,192,96,0,0,0,0,192,127,128,0,0,0,192,127,192,0,0,0,192,96,0,15,255,192,192,96,0,15,255,192,248,96,0,0,0,0,248,96,0,0,0,0,216,96,0,0,0,0,216,127,254,0,0,0,216,127,254,0,0,0,200,96,0,0,0,0,204,127,255,255,255,255,204,63,255,255,255,255,220,0,0,0,0,7,252,0,0,0,3,255,224,0,0,0,255,240,0,0,0,7,248,0,0,0,0,6,0,0,0,0,0,6,0,0,0,0,0,6,0,0,0,0,0,6,0,0,0,0,0,15,128,0,0,0,0,63,224,0,0,0,0,127,224,0,0,0,0,96,96,0,0,0,0,96,96,0,0,0,0,96,96,0,0,0,0,96,96,0,0,0,0,96,96,0,0,0,0,96,96,0,0,0,0,64,32,0,0,0,0,192,48,0,0,0,0,192,48,0,0,0,0,192,48,0,0,0,0,255,240,0,0,0,0,127,224,0,0,0,0,0,0,0,0},
  {0,0,0,0,0,0,0,0,0,0,0,0,0,0,0,0,0,0,0,0,0,0,0,0,0,0,0,0,0,0,0,0,0,0,0,0,0,0,0,0,0,0,0,0,0,0,0,0,63,255,255,255,255,128,127,255,255,255,255,192,96,0,0,0,0,192,127,128,0,0,0,192,127,192,0,0,0,192,96,0,7,255,192,192,96,0,15,255,192,192,96,0,0,0,0,248,96,0,0,0,0,248,96,0,0,0,0,216,127,254,0,0,0,216,127,254,0,0,0,200,96,0,0,0,0,204,96,0,0,255,255,204,127,255,255,255,255,204,63,255,255,255,255,252,0,0,0,0,31,252,0,0,0,15,255,128,0,0,3,255,192,0,0,0,7,224,0,0,0,0,6,0,0,0,0,0,6,0,0,0,0,0,6,0,0,0,0,0,6,0,0,0,0,0,63,192,0,0,0,0,63,224,0,0,0,0,96,96,0,0,0,0,96,96,0,0,0,0,96,96,0,0,0,0,96,96,0,0,0,0,96,96,0,0,0,0,96,96,0,0,0,0,96,96,0,0,0,0,64,32,0,0,0,0,192,48,0,0,0,0,192,48,0,0,0,0,192,48,0,0,0,0,255,240,0,0,0,0,127,224,0,0,0,0,0,0,0,0},
  {0,0,0,0,0,0,0,0,0,0,0,0,0,0,0,0,0,0,0,0,0,0,0,0,0,0,0,0,0,0,0,0,0,0,0,0,0,0,0,0,0,0,0,0,0,0,0,0,127,255,255,255,255,192,127,255,255,255,255,192,127,192,0,0,0,192,127,128,7,255,128,192,96,0,15,255,192,192,96,0,7,255,128,192,96,0,0,0,0,240,96,0,0,0,0,248,127,252,0,0,0,248,127,254,0,0,0,216,96,0,0,0,0,216,96,0,0,0,0,200,96,0,0,255,255,204,127,255,255,255,255,204,127,255,255,255,255,204,0,0,0,0,3,252,0,0,0,0,255,248,0,0,0,127,252,0,0,0,7,255,0,0,0,0,7,128,0,0,0,0,6,0,0,0,0,0,6,0,0,0,0,0,6,0,0,0,0,0,6,0,0,0,0,0,63,192,0,0,0,0,127,224,0,0,0,0,96,96,0,0,0,0,96,96,0,0,0,0,96,96,0,0,0,0,96,96,0,0,0,0,96,96,0,0,0,0,96,96,0,0,0,0,96,96,0,0,0,0,64,32,0,0,0,0,192,48,0,0,0,0,192,48,0,0,0,0,192,48,0,0,0,0,127,224,0,0,0,0,127,224,0,0,0,0,0,0,0,0},
  {0,0,0,0,0,0,0,0,0,0,0,0,0,0,0,0,0,0,0,0,0,0,0,0,0,0,0,0,0,0,0,0,0,0,0,0,0,0,0,0,0,0,127,255,255,255,255,192,127,255,255,255,255,192,96,0,15,255,192,192,96,0,15,255,192,192,96,0,0,0,0,192,96,0,0,0,0,192,96,0,0,0,0,192,127,254,0,0,0,248,127,254,0,0,0,248,96,0,0,0,0,216,96,0,0,255,255,216,96,0,0,255,255,216,96,0,0,0,0,200,127,255,255,255,255,204,127,255,255,255,255,204,0,0,0,0,0,124,0,0,0,0,31,248,0,0,0,15,255,0,0,0,3,255,192,0,0,0,7,240,0,0,0,0,6,0,0,0,0,0,6,0,0,0,0,0,6,0,0,0,0,0,6,0,0,0,0,0,63,192,0,0,0,0,63,224,0,0,0,0,96,96,0,0,0,0,96,96,0,0,0,0,96,96,0,0,0,0,96,96,0,0,0,0,96,96,0,0,0,0,96,96,0,0,0,0,96,96,0,0,0,0,96,96,0,0,0,0,96,32,0,0,0,0,192,48,0,0,0,0,192,48,0,0,0,0,255,240,0,0,0,0,127,224,0,0,0,0,0,0,0,0,0,0,0,0,0,0},
  {0,0,0,0,0,0,0,0,0,0,0,0,0,0,0,0,0,0,0,0,0,0,0,0,0,0,0,0,0,0,0,0,0,0,0,0,127,255,255,255,255,192,127,255,255,255,255,192,96,0,0,0,0,192,96,0,0,0,0,192,127,254,0,0,0,192,127,254,0,0,0,192,96,0,0,0,0,240,96,0,0,255,255,248,96,0,0,255,255,216,96,0,0,0,0,216,96,0,0,0,0,216,96,0,0,0,0,216,96,0,0,0,0,200,127,255,255,255,255,200,127,255,255,255,255,204,0,0,0,0,0,60,0,0,0,0,31,248,0,0,0,7,255,192,0,0,1,255,240,0,0,0,7,252,0,0,0,0,7,0,0,0,0,0,6,0,0,0,0,0,6,0,0,0,0,0,6,0,0,0,0,0,15,128,0,0,0,0,63,224,0,0,0,0,96,96,0,0,0,0,96,96,0,0,0,0,96,96,0,0,0,0,96,96,0,0,0,0,96,96,0,0,0,0,96,96,0,0,0,0,96,96,0,0,0,0,96,96,0,0,0,0,96,96,0,0,0,0,96,96,0,0,0,0,64,32,0,0,0,0,64,48,0,0,0,0,127,224,0,0,0,0,127,224,0,0,0,0,0,0,0,0,0,0,0,0,0,0},
  {0,0,0,0,0,0,0,0,0,0,0,0,0,0,0,0,0,0,0,0,0,0,0,0,63,255,255,255,255,192,127,255,255,255,255,192,127,252,0,0,0,192,96,0,0,0,0,192,96,0,0,255,255,192,96,0,0,255,255,192,96,0,0,0,0,192,96,0,0,0,0,248,96,0,0,0,0,248,96,0,0,0,0,216,96,0,0,0,0,216,96,0,0,0,0,216,96,0,0,0,0,216,127,255,255,255,255,216,127,255,255,255,255,200,0,0,0,0,0,8,0,0,0,0,0,248,0,0,0,0,31,248,0,0,0,7,255,128,0,0,1,255,224,0,0,0,7,248,0,0,0,0,7,0,0,0,0,0,6,0,0,0,0,0,6,0,0,0,0,0,6,0,0,0,0,0,63,192,0,0,0,0,127,224,0,0,0,0,96,96,0,0,0,0,96,96,0,0,0,0,96,96,0,0,0,0,96,96,0,0,0,0,96,96,0,0,0,0,96,96,0,0,0,0,96,96,0,0,0,0,96,96,0,0,0,0,96,96,0,0,0,0,96,96,0,0,0,0,96,96,0,0,0,0,96,96,0,0,0,0,96,96,0,0,0,0,127,224,0,0,0,0,63,192,0,0,0,0,0,0,0,0,0,0,0,0,0,0},
  {0,0,0,0,0,0,63,255,255,255,255,192,127,255,255,255,255,192,96,0,0,0,0,192,96,0,0,0,0,192,96,0,0,0,0,192,96,0,0,0,0,192,96,0,0,0,0,192,96,0,0,0,0,248,96,0,0,0,0,248,96,0,0,0,0,216,96,0,0,0,0,216,96,0,0,0,0,216,96,0,0,0,0,216,127,255,255,255,255,216,127,255,255,255,255,216,0,0,0,0,0,24,0,0,0,0,0,24,0,0,0,0,1,248,0,0,0,0,63,224,0,0,0,15,252,0,0,0,1,255,128,0,0,0,7,240,0,0,0,0,7,0,0,0,0,0,6,0,0,0,0,0,6,0,0,0,0,0,6,0,0,0,0,0,63,192,0,0,0,0,127,224,0,0,0,0,96,96,0,0,0,0,96,96,0,0,0,0,96,96,0,0,0,0,96,96,0,0,0,0,96,96,0,0,0,0,96,96,0,0,0,0,96,96,0,0,0,0,96,96,0,0,0,0,96,96,0,0,0,0,96,96,0,0,0,0,96,96,0,0,0,0,96,96,0,0,0,0,96,96,0,0,0,0,96,96,0,0,0,0,127,224,0,0,0,0,31,128,0,0,0,0,0,0,0,0,0,0,0,0,0,0,0,0,0,0,0,0},
  {0,0,0,0,0,0,63,255,255,255,255,192,127,255,255,255,255,192,96,0,0,0,0,192,96,0,0,0,0,192,96,0,0,0,0,192,96,0,0,0,0,192,96,0,0,0,0,192,96,0,0,0,0,248,96,0,0,0,0,248,96,0,0,0,0,216,96,0,0,0,0,216,96,0,0,0,0,216,96,0,0,0,0,216,127,255,255,255,255,216,127,255,255,255,255,216,0,0,0,0,0,24,0,0,0,0,0,24,0,0,0,0,0,56,0,0,0,0,7,248,0,0,0,0,255,128,0,0,0,31,240,0,0,0,3,254,0,0,0,0,7,192,0,0,0,0,6,0,0,0,0,0,6,0,0,0,0,0,6,0,0,0,0,0,15,128,0,0,0,0,63,224,0,0,0,0,96,96,0,0,0,0,96,96,0,0,0,0,96,96,0,0,0,0,96,96,0,0,0,0,96,96,0,0,0,0,96,96,0,0,0,0,96,96,0,0,0,0,96,96,0,0,0,0,96,96,0,0,0,0,96,96,0,0,0,0,96,96,0,0,0,0,96,96,0,0,0,0,96,96,0,0,0,0,96,96,0,0,0,0,96,96,0,0,0,0,127,224,0,0,0,0,63,192,0,0,0,0,0,0,0,0,0,0,0,0,0,0},
  {0,0,0,0,0,0,63,255,255,255,255,192,127,255,255,255,255,192,96,0,0,0,0,192,96,0,0,0,0,192,96,0,0,0,0,192,96,0,0,0,0,192,96,0,0,0,0,192,96,0,0,0,0,248,96,0,0,0,0,248,96,0,0,0,0,216,96,0,0,0,0,216,96,0,0,0,0,216,96,0,0,0,0,216,127,255,255,255,255,216,127,255,255,255,255,216,0,0,0,0,0,24,0,0,0,0,0,24,0,0,0,0,0,24,0,0,0,0,3,248,0,0,0,0,127,192,0,0,0,15,248,0,0,0,1,255,128,0,0,0,7,240,0,0,0,0,7,0,0,0,0,0,6,0,0,0,0,0,6,0,0,0,0,0,6,0,0,0,0,0,63,192,0,0,0,0,127,224,0,0,0,0,96,96,0,0,0,0,96,96,0,0,0,0,96,96,0,0,0,0,96,96,0,0,0,0,96,96,0,0,0,0,96,96,0,0,0,0,96,96,0,0,0,0,96,96,0,0,0,0,96,96,0,0,0,0,96,96,0,0,0,0,96,96,0,0,0,0,96,96,0,0,0,0,96,96,0,0,0,0,96,96,0,0,0,0,96,96,0,0,0,0,127,224,0,0,0,0,63,192,0,0,0,0,0,0,0,0},
  {0,0,0,0,0,0,63,255,255,255,255,192,127,255,255,255,255,192,96,0,0,0,0,192,96,0,0,0,0,192,96,0,0,0,0,192,96,0,0,0,0,192,96,0,0,0,0,192,96,0,0,0,0,248,96,0,0,0,0,248,96,0,0,0,0,216,96,0,0,0,0,216,96,0,0,0,0,216,96,0,0,0,0,216,127,255,255,255,255,216,127,255,255,255,255,216,0,0,0,0,0,24,0,0,0,0,0,24,0,0,0,0,0,24,0,0,0,0,3,248,0,0,0,0,127,192,0,0,0,7,252,0,0,0,0,255,128,0,0,0,7,248,0,0,0,0,7,0,0,0,0,0,6,0,0,0,0,0,6,0,0,0,0,0,6,0,0,0,0,0,63,192,0,0,0,0,127,224,0,0,0,0,96,96,0,0,0,0,96,96,0,0,0,0,96,96,0,0,0,0,96,96,0,0,0,0,96,96,0,0,0,0,96,96,0,0,0,0,96,96,0,0,0,0,96,96,0,0,0,0,96,96,0,0,0,0,96,96,0,0,0,0,96,96,0,0,0,0,96,96,0,0,0,0,96,96,0,0,0,0,96,96,0,0,0,0,96,96,0,0,0,0,127,224,0,0,0,0,63,192,0,0,0,0,0,0,0,0},
  {0,0,0,0,0,0,63,255,255,255,255,192,127,255,255,255,255,192,96,0,0,0,0,192,96,0,0,0,0,192,96,0,0,0,0,192,96,0,0,0,0,192,96,0,0,0,0,192,96,0,0,0,0,248,96,0,0,0,0,248,96,0,0,0,0,216,96,0,0,0,0,216,96,0,0,0,0,216,96,0,0,0,0,216,127,255,255,255,255,216,127,255,255,255,255,216,0,0,0,0,0,24,0,0,0,0,0,24,0,0,0,0,0,24,0,0,0,0,3,248,0,0,0,0,127,224,0,0,0,7,254,0,0,0,0,255,192,0,0,0,7,248,0,0,0,0,7,128,0,0,0,0,6,0,0,0,0,0,6,0,0,0,0,0,6,0,0,0,0,0,63,192,0,0,0,0,127,224,0,0,0,0,96,96,0,0,0,0,96,96,0,0,0,0,96,96,0,0,0,0,96,96,0,0,0,0,96,96,0,0,0,0,96,96,0,0,0,0,96,96,0,0,0,0,96,96,0,0,0,0,96,96,0,0,0,0,96,96,0,0,0,0,96,96,0,0,0,0,96,96,0,0,0,0,96,96,0,0,0,0,96,96,0,0,0,0,96,96,0,0,0,0,127,224,0,0,0,0,63,192,0,0,0,0,0,0,0,0},
  {0,0,0,0,0,0,63,255,255,255,255,192,127,255,255,255,255,192,96,0,0,0,0,192,96,0,0,0,0,192,96,0,0,0,0,192,96,0,0,0,0,192,96,0,0,0,0,192,96,0,0,0,0,248,96,0,0,0,0,248,96,0,0,0,0,216,96,0,0,0,0,216,96,0,0,0,0,216,96,0,0,0,0,216,127,255,255,255,255,216,127,255,255,255,255,216,0,0,0,0,0,24,0,0,0,0,0,24,0,0,0,0,0,24,0,0,0,0,3,248,0,0,0,0,127,224,0,0,0,7,254,0,0,0,0,255,192,0,0,0,7,248,0,0,0,0,7,128,0,0,0,0,6,0,0,0,0,0,6,0,0,0,0,0,6,0,0,0,0,0,63,192,0,0,0,0,127,224,0,0,0,0,96,96,0,0,0,0,96,96,0,0,0,0,96,96,0,0,0,0,96,96,0,0,0,0,96,96,0,0,0,0,96,96,0,0,0,0,96,96,0,0,0,0,96,96,0,0,0,0,96,96,0,0,0,0,96,96,0,0,0,0,96,96,0,0,0,0,96,96,0,0,0,0,96,96,0,0,0,0,96,96,0,0,0,0,96,96,0,0,0,0,127,224,0,0,0,0,63,192,0,0,0,0,0,0,0,0},
  {0,0,0,0,0,0,63,255,255,255,255,192,127,255,255,255,255,192,96,0,0,0,0,192,96,0,0,0,0,192,96,0,0,0,0,192,96,0,0,0,0,192,96,0,0,0,0,192,96,0,0,0,0,248,96,0,0,0,0,248,96,0,0,0,0,216,96,0,0,0,0,216,96,0,0,0,0,216,96,0,0,0,0,216,127,255,255,255,255,216,127,255,255,255,255,216,0,0,0,0,0,24,0,0,0,0,0,24,0,0,0,0,0,24,0,0,0,0,3,248,0,0,0,0,127,224,0,0,0,7,254,0,0,0,0,255,192,0,0,0,7,248,0,0,0,0,7,128,0,0,0,0,6,0,0,0,0,0,6,0,0,0,0,0,6,0,0,0,0,0,63,192,0,0,0,0,127,224,0,0,0,0,96,96,0,0,0,0,96,96,0,0,0,0,96,96,0,0,0,0,96,96,0,0,0,0,96,96,0,0,0,0,96,96,0,0,0,0,96,96,0,0,0,0,96,96,0,0,0,0,96,96,0,0,0,0,96,96,0,0,0,0,96,96,0,0,0,0,96,96,0,0,0,0,96,96,0,0,0,0,96,96,0,0,0,0,96,96,0,0,0,0,127,224,0,0,0,0,63,192,0,0,0,0,0,0,0,0}
};

void setup() {
  display.begin(SSD1306_SWITCHCAPVCC, SCREEN_I2C_ADDR);
}

int frame = 0;
void loop() {
  display.clearDisplay();
  display.drawBitmap(40, 8, frames[frame], FRAME_WIDTH, FRAME_HEIGHT, 1);
  display.display();
  frame = (frame + 1) % FRAME_COUNT;
  delay(FRAME_DELAY);
}
