#include <Adafruit_GFX.h>
#include <Adafruit_SSD1306.h>

#define SCREEN_I2C_ADDR 0x3D // or 0x3C
#define SCREEN_WIDTH 128     // OLED display width, in pixels
#define SCREEN_HEIGHT 64     // OLED display height, in pixels
#define OLED_RST_PIN -1      // Reset pin (-1 if not available)

Adafruit_SSD1306 display(128, 64, &Wire, OLED_RST_PIN);

// OLED Animation: day night weather
// Code auto-generated by https://wokwi.com/animator, graphics by icons8.com

#define FRAME_DELAY (42)
#define FRAME_WIDTH (48)
#define FRAME_HEIGHT (48)
#define FRAME_COUNT (sizeof(frames) / sizeof(frames[0]))
const byte PROGMEM frames[][288] = {
  {0,0,0,0,0,0,0,0,0,0,0,0,0,0,0,0,0,0,0,0,0,0,0,0,0,0,1,128,0,0,0,0,1,128,0,0,0,0,1,128,0,0,0,0,1,128,0,0,0,0,1,128,0,0,0,0,1,128,0,0,0,48,1,128,12,0,0,56,0,0,28,0,0,28,0,0,56,0,0,14,0,0,112,0,0,6,0,0,96,0,0,0,15,240,0,0,0,0,62,124,0,0,0,0,112,14,0,0,0,0,224,7,0,0,0,0,192,3,0,0,0,1,128,1,128,0,0,1,128,1,128,0,0,1,128,1,128,0,15,225,0,0,135,240,15,227,0,0,199,240,0,1,128,1,128,0,0,1,128,1,128,0,0,1,128,1,128,0,0,0,192,3,0,0,0,0,224,7,0,0,0,0,112,14,0,0,0,0,62,124,0,0,0,0,15,240,0,0,0,6,0,0,96,0,0,14,0,0,112,0,0,28,0,0,56,0,0,56,0,0,28,0,0,48,1,128,12,0,0,0,1,128,0,0,0,0,1,128,0,0,0,0,1,128,0,0,0,0,1,128,0,0,0,0,1,128,0,0,0,0,1,128,0,0,0,0,0,0,0,0,0,0,0,0,0,0,0,0,0,0,0,0,0,0,0,0,0,0},
  {0,0,0,0,0,0,0,0,0,0,0,0,0,0,0,0,0,0,0,0,0,0,0,0,0,0,1,128,0,0,0,0,1,128,0,0,0,0,1,128,0,0,0,0,1,128,0,0,0,0,1,128,0,0,0,0,1,128,0,0,0,48,1,128,12,0,0,56,0,0,28,0,0,28,0,0,56,0,0,14,0,0,112,0,0,6,0,0,96,0,0,0,15,240,0,0,0,0,62,124,0,0,0,0,112,14,0,0,0,0,224,7,0,0,0,0,192,3,0,0,0,1,128,1,128,0,0,1,128,1,128,0,0,1,128,1,128,0,15,225,0,0,135,240,15,227,0,0,199,240,0,1,128,1,128,0,0,1,128,1,128,0,0,1,128,1,128,0,0,0,192,3,0,0,0,0,224,7,0,0,0,0,112,14,0,0,0,0,62,124,0,0,0,0,15,240,0,0,0,6,0,0,96,0,0,14,0,0,112,0,0,28,0,0,56,0,0,56,0,0,28,0,0,48,1,128,12,0,0,0,1,128,0,0,0,0,1,128,0,0,0,0,1,128,0,0,0,0,1,128,0,0,0,0,1,128,0,0,0,0,1,128,0,0,0,0,0,0,0,0,0,0,0,0,0,0,0,0,0,0,0,0,0,0,0,0,0,0},
  {0,0,0,0,0,0,0,0,0,0,0,0,0,0,0,0,0,0,0,0,0,0,0,0,0,0,1,128,0,0,0,0,1,128,0,0,0,0,1,128,0,0,0,0,1,128,0,0,0,0,1,128,0,0,0,0,1,128,0,0,0,48,1,128,12,0,0,56,0,0,28,0,0,28,0,0,56,0,0,14,0,0,112,0,0,6,0,0,96,0,0,0,15,240,0,0,0,0,62,124,0,0,0,0,112,14,0,0,0,0,224,7,0,0,0,0,192,3,0,0,0,1,128,1,128,0,0,1,128,1,128,0,0,1,128,1,128,0,15,225,0,0,135,240,15,227,0,0,199,240,0,1,128,1,128,0,0,1,128,1,128,0,0,1,128,1,128,0,0,0,192,3,0,0,0,0,224,7,0,0,0,0,112,14,0,0,0,0,62,124,0,0,0,0,15,240,0,0,0,6,0,0,96,0,0,14,0,0,112,0,0,28,0,0,56,0,0,56,0,0,28,0,0,48,1,128,12,0,0,0,1,128,0,0,0,0,1,128,0,0,0,0,1,128,0,0,0,0,1,128,0,0,0,0,1,128,0,0,0,0,1,128,0,0,0,0,0,0,0,0,0,0,0,0,0,0,0,0,0,0,0,0,0,0,0,0,0,0},
  {0,0,0,0,0,0,0,0,0,0,0,0,0,0,0,0,0,0,0,0,0,0,0,0,0,0,1,128,0,0,0,0,1,128,0,0,0,0,1,128,0,0,0,0,1,128,0,0,0,0,1,128,0,0,0,0,1,128,0,0,0,48,1,128,12,0,0,56,0,0,28,0,0,28,0,0,56,0,0,14,0,0,112,0,0,6,0,0,96,0,0,0,15,240,0,0,0,0,62,124,0,0,0,0,112,14,0,0,0,0,224,7,0,0,0,0,192,3,0,0,0,1,128,1,128,0,0,1,128,1,128,0,0,1,128,1,128,0,15,225,0,0,135,240,15,227,0,0,199,240,0,1,128,1,128,0,0,1,128,1,128,0,0,1,128,1,128,0,0,0,192,3,0,0,0,0,224,7,0,0,0,0,112,14,0,0,0,0,62,124,0,0,0,0,15,240,0,0,0,6,0,0,96,0,0,14,0,0,112,0,0,28,0,0,56,0,0,56,0,0,28,0,0,48,1,128,12,0,0,0,1,128,0,0,0,0,1,128,0,0,0,0,1,128,0,0,0,0,1,128,0,0,0,0,1,128,0,0,0,0,1,128,0,0,0,0,0,0,0,0,0,0,0,0,0,0,0,0,0,0,0,0,0,0,0,0,0,0},
  {0,0,0,0,0,0,0,0,0,0,0,0,0,0,0,0,0,0,0,0,0,0,0,0,0,0,6,0,0,0,0,0,6,0,0,0,0,0,6,0,0,0,0,0,6,0,0,0,0,0,6,0,24,0,0,0,2,0,24,0,0,0,2,0,48,0,0,192,0,0,96,0,0,224,0,0,224,0,0,120,0,0,192,0,0,28,0,0,0,0,0,12,15,240,0,0,0,0,62,124,0,0,0,0,112,14,0,0,0,0,224,7,0,0,0,0,192,3,0,0,0,1,128,1,128,0,0,1,128,1,131,240,0,1,128,1,135,240,0,1,0,0,128,0,0,3,0,0,192,0,15,225,128,1,128,0,15,193,128,1,128,0,0,1,128,1,128,0,0,0,192,3,0,0,0,0,224,7,0,0,0,0,112,14,0,0,0,0,62,124,0,0,0,0,15,240,48,0,0,0,0,0,56,0,0,3,0,0,30,0,0,7,0,0,7,0,0,6,0,0,3,0,0,12,0,64,0,0,0,24,0,64,0,0,0,24,0,96,0,0,0,0,0,96,0,0,0,0,0,96,0,0,0,0,0,96,0,0,0,0,0,96,0,0,0,0,0,0,0,0,0,0,0,0,0,0,0,0,0,0,0,0,0,0,0,0,0,0},
  {0,0,0,0,0,0,0,0,0,0,0,0,0,0,0,0,0,0,0,0,0,0,0,0,0,0,0,0,0,0,0,0,24,0,0,0,0,0,24,0,0,0,0,0,8,0,32,0,0,0,12,0,96,0,0,0,12,0,224,0,0,0,0,0,192,0,0,0,0,1,128,0,0,0,0,0,0,0,1,192,0,0,0,0,0,224,3,128,0,0,0,112,31,240,0,0,0,16,56,28,0,0,0,0,112,14,0,0,0,0,192,3,0,0,0,0,192,3,0,96,0,1,128,1,131,224,0,1,128,1,131,0,0,3,0,0,128,0,0,3,0,0,128,0,0,3,0,0,128,0,0,1,0,1,128,0,0,193,0,1,128,0,7,193,128,1,128,0,14,0,128,3,0,0,0,0,192,7,0,0,0,0,112,14,0,0,0,0,60,60,8,0,0,0,15,240,14,0,0,0,1,128,7,0,0,0,0,0,3,128,0,0,0,0,0,0,0,1,128,0,0,0,0,3,0,0,0,0,0,7,0,48,0,0,0,6,0,48,0,0,0,4,0,16,0,0,0,0,0,24,0,0,0,0,0,24,0,0,0,0,0,16,0,0,0,0,0,0,0,0,0,0,0,0,0,0,0,0,0,0,0,0,0,0,0,0,0,0},
  {0,0,0,0,0,0,0,0,0,0,0,0,0,0,0,0,0,0,0,0,0,0,0,0,0,0,3,0,0,0,0,0,3,0,0,0,0,0,3,0,0,0,0,0,3,0,0,0,0,0,1,0,0,0,0,0,0,0,12,0,0,64,0,0,24,0,0,96,0,0,48,0,0,48,0,0,48,0,0,24,0,0,0,0,0,0,3,192,0,0,0,0,15,248,0,0,0,0,60,28,0,0,0,0,112,7,0,0,0,0,192,3,0,0,0,0,192,1,128,0,0,1,128,1,128,0,0,1,128,0,192,0,0,1,128,0,192,240,0,1,128,0,193,240,15,1,128,0,192,0,15,1,128,0,192,0,0,1,128,0,192,0,0,0,128,0,128,0,0,0,192,1,128,0,0,0,192,3,0,0,0,0,96,7,0,0,0,0,56,30,0,0,0,0,31,248,0,0,0,0,7,224,0,0,0,0,0,0,24,0,0,4,0,0,12,0,0,12,0,0,6,0,0,24,0,0,2,0,0,48,0,0,0,0,0,0,0,128,0,0,0,0,0,192,0,0,0,0,0,192,0,0,0,0,0,192,0,0,0,0,0,192,0,0,0,0,0,0,0,0,0,0,0,0,0,0,0,0,0,0,0,0,0,0,0,0,0,0},
  {0,0,0,0,0,0,0,0,0,0,0,0,0,0,0,0,0,0,0,0,0,0,0,0,0,0,0,0,0,0,0,0,0,12,0,0,0,2,0,12,0,0,0,3,0,12,0,0,0,3,128,0,0,0,0,3,0,0,0,0,0,0,0,0,0,0,0,0,0,0,0,0,0,0,0,0,0,0,0,0,0,0,0,0,0,0,0,240,0,192,0,0,3,252,1,192,0,0,7,15,1,0,0,0,12,3,128,0,7,0,24,1,128,0,7,0,48,0,192,0,0,0,96,0,96,0,0,0,192,0,96,0,0,0,192,0,96,0,0,1,128,0,32,0,0,1,128,0,32,0,0,1,0,0,96,0,0,1,0,0,96,0,0,1,128,0,96,0,0,1,128,0,96,224,0,0,192,0,192,224,0,0,192,1,192,0,0,0,112,3,128,0,3,128,56,15,0,0,3,0,31,254,0,0,0,0,7,248,0,0,0,0,0,0,0,0,0,0,0,0,0,0,0,0,0,0,0,0,0,0,0,0,0,0,0,0,0,0,192,0,0,0,48,0,192,0,0,0,48,0,64,0,0,0,48,0,0,0,0,0,0,0,0,0,0,0,0,0,0,0,0,0,0,0,0,0,0,0,0,0,0,0,0,0,0,0,0,0},
  {0,0,0,0,0,0,0,0,0,0,0,0,0,0,0,0,0,0,0,0,0,0,0,0,0,0,12,0,0,0,0,0,12,0,0,0,0,0,0,0,0,0,0,3,0,0,0,0,0,3,128,0,48,0,0,3,128,0,16,0,0,0,0,0,0,0,0,0,0,0,0,0,0,192,0,0,0,0,0,128,0,0,0,0,0,0,0,0,0,0,0,0,0,0,0,0,0,0,0,0,0,0,0,0,127,192,0,0,0,0,255,255,192,0,0,0,192,63,240,0,0,1,128,0,48,48,0,1,128,0,24,48,0,1,128,0,24,0,0,3,0,0,24,0,0,3,0,0,24,0,0,3,0,0,24,0,12,3,0,0,24,0,12,1,0,0,24,0,0,1,128,0,24,0,0,1,128,0,48,0,0,0,192,0,48,0,0,0,224,0,96,0,0,0,112,0,192,0,0,0,60,3,128,0,0,0,31,159,1,0,0,0,7,252,3,0,0,0,0,64,0,0,0,0,0,0,0,0,0,8,0,0,0,0,0,12,0,0,0,0,0,0,0,0,0,0,0,0,0,0,0,0,0,0,0,48,0,0,0,0,0,48,0,0,0,0,0,0,0,0,0,0,0,0,0,0,0,0,0,0,0,0,0,0,0,0,0,0},
  {0,0,0,0,0,0,0,0,0,0,0,0,0,0,0,0,0,0,0,0,0,0,0,0,0,0,0,0,0,0,0,0,0,0,0,0,0,1,0,0,0,0,0,3,0,0,0,0,0,7,192,0,0,0,0,7,128,0,0,0,0,3,0,0,0,0,0,0,0,0,0,0,0,0,0,0,0,0,0,0,0,0,0,0,0,0,7,0,0,0,0,0,31,0,0,0,0,0,57,128,0,0,0,0,112,192,0,0,1,128,224,96,0,0,1,128,192,112,0,0,0,1,128,60,0,0,0,1,128,14,0,0,0,1,128,7,128,0,0,1,0,1,248,0,0,1,0,0,126,0,0,1,0,0,6,0,0,1,0,0,6,0,0,1,0,0,6,0,0,1,128,0,6,0,0,1,128,0,12,0,0,1,192,0,12,0,0,0,192,0,24,0,0,0,96,0,56,0,0,0,112,0,112,0,0,0,60,0,224,0,0,0,31,7,192,0,0,0,7,255,0,0,0,0,1,248,0,0,0,0,0,0,0,0,0,0,0,0,0,0,0,0,0,0,0,0,0,0,0,0,0,0,0,0,0,0,0,0,0,0,0,0,0,0,0,0,0,0,0,0,0,0,0,0,0,0,0,0,0,0,0,0,0,0,0,0,0,0},
  {0,0,0,0,0,0,0,0,0,0,0,0,0,0,0,0,0,0,0,0,0,0,0,0,0,0,0,0,0,0,0,0,0,0,0,0,0,3,0,0,0,0,0,3,0,0,0,0,0,7,192,0,0,0,0,7,192,0,0,0,0,3,0,0,0,0,0,0,0,0,0,0,0,0,0,0,0,0,0,0,1,128,0,0,0,0,7,192,0,0,0,0,31,192,0,0,0,0,56,192,0,0,0,0,112,224,0,0,1,128,96,96,0,0,3,128,192,112,0,0,1,0,192,48,0,0,0,1,128,56,0,0,0,1,128,28,0,0,0,1,128,14,0,0,0,3,0,7,128,0,0,3,0,1,255,128,0,3,0,0,127,128,0,3,0,0,3,128,0,1,128,0,3,0,0,1,128,0,3,0,0,1,128,0,3,0,0,0,192,0,6,0,0,0,192,0,14,0,0,0,96,0,12,0,0,0,48,0,56,0,0,0,28,0,112,0,0,0,15,1,224,0,0,0,3,255,128,0,0,0,0,126,0,0,0,0,0,0,0,0,0,0,0,0,0,0,0,0,0,0,0,0,0,0,0,0,0,0,0,0,0,0,0,0,0,0,0,0,0,0,0,0,0,0,0,0,0,0,0,0,0,0,0,0,0,0,0,0},
  {0,0,0,0,0,0,0,0,0,0,0,0,0,0,0,0,0,0,0,0,0,0,0,0,0,0,0,0,0,0,0,0,0,0,0,0,0,3,0,0,0,0,0,3,0,0,0,0,0,7,192,0,0,0,0,7,192,0,0,0,0,3,0,0,0,0,0,0,0,0,0,0,0,0,0,0,0,0,0,0,1,224,0,0,0,0,7,224,0,0,0,0,30,96,0,0,0,0,56,96,0,0,0,0,112,96,0,0,3,128,96,96,0,0,3,128,192,48,0,0,1,128,192,48,0,0,0,1,128,24,0,0,0,1,128,28,0,0,0,1,128,12,0,0,0,1,128,6,0,0,0,3,0,3,128,0,0,3,0,1,224,0,0,1,0,0,127,128,0,1,128,0,15,128,0,1,128,0,1,128,0,1,128,0,3,0,0,0,192,0,3,0,0,0,192,0,6,0,0,0,96,0,14,0,0,0,48,0,28,0,0,0,60,0,56,0,0,0,14,0,240,0,0,0,7,255,224,0,0,0,1,255,0,0,0,0,0,0,0,0,0,0,0,0,0,0,0,0,0,0,0,0,0,0,0,0,0,0,0,0,0,0,0,0,0,0,0,0,0,0,0,0,0,0,0,0,0,0,0,0,0,0,0,0,0,0,0,0},
  {0,0,0,0,0,0,0,0,0,0,0,0,0,0,0,0,0,0,0,0,0,0,0,0,0,0,0,0,0,0,0,0,0,0,0,0,0,3,0,0,0,0,0,3,0,0,0,0,0,7,192,0,0,0,0,7,192,0,0,0,0,3,0,0,0,0,0,0,0,0,0,0,0,0,0,0,0,0,0,0,1,224,0,0,0,0,7,224,0,0,0,0,30,96,0,0,0,0,56,96,0,0,1,0,112,96,0,0,3,128,96,96,0,0,3,192,192,48,0,0,1,128,192,48,0,0,0,1,128,24,0,0,0,1,128,28,0,0,0,1,128,12,0,0,0,1,128,6,0,0,0,3,0,3,128,0,0,3,0,1,224,0,0,1,0,0,127,128,0,1,128,0,15,128,0,1,128,0,1,128,0,1,128,0,3,0,0,0,192,0,3,0,0,0,192,0,6,0,0,0,96,0,14,0,0,0,48,0,28,0,0,0,60,0,56,0,0,0,14,0,240,0,0,0,7,255,224,0,0,0,1,255,0,0,0,0,0,0,0,0,0,0,0,0,0,0,0,0,0,0,0,0,0,0,0,0,0,0,0,0,0,0,0,0,0,0,0,0,0,0,0,0,0,0,0,0,0,0,0,0,0,0,0,0,0,0,0,0},
  {0,0,0,0,0,0,0,0,0,0,0,0,0,0,0,0,0,0,0,0,0,0,0,0,0,0,0,0,0,0,0,0,0,0,0,0,0,3,0,0,0,0,0,3,0,0,0,0,0,7,192,0,0,0,0,7,192,0,0,0,0,3,0,0,0,0,0,0,0,0,0,0,0,0,0,0,0,0,0,0,1,224,0,0,0,0,7,224,0,0,0,0,30,96,0,0,0,0,56,96,0,0,1,0,112,96,0,0,3,128,96,96,0,0,3,192,192,48,0,0,1,128,192,48,0,0,0,1,128,24,0,0,0,1,128,28,0,0,0,1,128,12,0,0,0,1,128,6,0,0,0,3,0,3,128,0,0,3,0,1,224,0,0,1,0,0,127,128,0,1,128,0,15,128,0,1,128,0,1,128,0,1,128,0,3,0,0,0,192,0,3,0,0,0,192,0,6,0,0,0,96,0,14,0,0,0,48,0,28,0,0,0,60,0,56,0,0,0,14,0,240,0,0,0,7,255,224,0,0,0,1,255,0,0,0,0,0,0,0,0,0,0,0,0,0,0,0,0,0,0,0,0,0,0,0,0,0,0,0,0,0,0,0,0,0,0,0,0,0,0,0,0,0,0,0,0,0,0,0,0,0,0,0,0,0,0,0,0},
  {0,0,0,0,0,0,0,0,0,0,0,0,0,0,0,0,0,0,0,0,0,0,0,0,0,0,0,0,0,0,0,0,0,0,0,0,0,3,0,0,0,0,0,3,0,0,0,0,0,7,192,0,0,0,0,7,192,0,0,0,0,3,0,0,0,0,0,0,0,0,0,0,0,0,0,0,0,0,0,0,1,224,0,0,0,0,7,224,0,0,0,0,30,96,0,0,0,0,56,96,0,0,1,0,112,96,0,0,3,128,96,96,0,0,3,192,192,48,0,0,1,128,192,48,0,0,0,1,128,24,0,0,0,1,128,28,0,0,0,1,128,12,0,0,0,1,128,6,0,0,0,3,0,3,128,0,0,3,0,1,224,0,0,1,0,0,127,128,0,1,128,0,15,128,0,1,128,0,1,128,0,1,128,0,3,0,0,0,192,0,3,0,0,0,192,0,6,0,0,0,96,0,14,0,0,0,48,0,28,0,0,0,60,0,56,0,0,0,14,0,240,0,0,0,7,255,224,0,0,0,1,255,0,0,0,0,0,0,0,0,0,0,0,0,0,0,0,0,0,0,0,0,0,0,0,0,0,0,0,0,0,0,0,0,0,0,0,0,0,0,0,0,0,0,0,0,0,0,0,0,0,0,0,0,0,0,0,0},
  {0,0,0,0,0,0,0,0,0,0,0,0,0,0,0,0,0,0,0,0,0,0,0,0,0,0,0,0,0,0,0,0,0,0,0,0,0,3,0,0,0,0,0,3,0,0,0,0,0,7,192,0,0,0,0,7,192,0,0,0,0,3,0,0,0,0,0,0,0,0,0,0,0,0,0,0,0,0,0,0,1,224,0,0,0,0,7,224,0,0,0,0,30,96,0,0,0,0,56,96,0,0,1,0,112,96,0,0,3,128,96,96,0,0,3,192,192,48,0,0,1,128,192,48,0,0,0,1,128,24,0,0,0,1,128,28,0,0,0,1,128,12,0,0,0,1,128,6,0,0,0,3,0,3,128,0,0,3,0,1,224,0,0,1,0,0,127,128,0,1,128,0,15,128,0,1,128,0,1,128,0,1,128,0,3,0,0,0,192,0,3,0,0,0,192,0,6,0,0,0,96,0,14,0,0,0,48,0,28,0,0,0,60,0,56,0,0,0,14,0,240,0,0,0,7,255,224,0,0,0,1,255,0,0,0,0,0,0,0,0,0,0,0,0,0,0,0,0,0,0,0,0,0,0,0,0,0,0,0,0,0,0,0,0,0,0,0,0,0,0,0,0,0,0,0,0,0,0,0,0,0,0,0,0,0,0,0,0},
  {0,0,0,0,0,0,0,0,0,0,0,0,0,0,0,0,0,0,0,0,0,0,0,0,0,0,0,0,0,0,0,0,0,0,0,0,0,3,0,0,0,0,0,3,0,0,0,0,0,7,192,0,0,0,0,7,192,0,0,0,0,3,0,0,0,0,0,0,0,0,0,0,0,0,0,0,0,0,0,0,1,224,0,0,0,0,7,224,0,0,0,0,30,96,0,0,0,0,56,96,0,0,1,0,112,96,0,0,3,128,96,96,0,0,3,192,192,48,0,0,1,128,192,48,0,0,0,1,128,24,0,0,0,1,128,28,0,0,0,1,128,12,0,0,0,1,128,6,0,0,0,3,0,3,128,0,0,3,0,1,224,0,0,1,0,0,127,128,0,1,128,0,15,128,0,1,128,0,1,128,0,1,128,0,3,0,0,0,192,0,3,0,0,0,192,0,6,0,0,0,96,0,14,0,0,0,48,0,28,0,0,0,60,0,56,0,0,0,14,0,240,0,0,0,7,255,224,0,0,0,1,255,0,0,0,0,0,0,0,0,0,0,0,0,0,0,0,0,0,0,0,0,0,0,0,0,0,0,0,0,0,0,0,0,0,0,0,0,0,0,0,0,0,0,0,0,0,0,0,0,0,0,0,0,0,0,0,0},
  {0,0,0,0,0,0,0,0,0,0,0,0,0,0,0,0,0,0,0,0,0,0,0,0,0,0,0,0,0,0,0,0,0,0,0,0,0,3,0,0,0,0,0,3,0,0,0,0,0,7,192,0,0,0,0,7,192,0,0,0,0,3,0,0,0,0,0,0,0,0,0,0,0,0,0,0,0,0,0,0,1,224,0,0,0,0,7,224,0,0,0,0,30,96,0,0,0,0,56,96,0,0,0,0,112,96,0,0,3,128,96,96,0,0,3,128,192,48,0,0,1,128,192,48,0,0,0,1,128,24,0,0,0,1,128,28,0,0,0,1,128,12,0,0,0,1,128,6,0,0,0,3,0,3,128,0,0,3,0,1,224,0,0,1,0,0,127,128,0,1,128,0,15,128,0,1,128,0,1,128,0,1,128,0,3,0,0,0,192,0,3,0,0,0,192,0,6,0,0,0,96,0,14,0,0,0,48,0,28,0,0,0,60,0,56,0,0,0,14,0,240,0,0,0,7,255,224,0,0,0,1,255,0,0,0,0,0,0,0,0,0,0,0,0,0,0,0,0,0,0,0,0,0,0,0,0,0,0,0,0,0,0,0,0,0,0,0,0,0,0,0,0,0,0,0,0,0,0,0,0,0,0,0,0,0,0,0,0},
  {0,0,0,0,0,0,0,0,0,0,0,0,0,0,0,0,0,0,0,0,0,0,0,0,0,0,0,0,0,0,0,0,0,0,0,0,0,3,0,0,0,0,0,3,0,0,0,0,0,7,192,0,0,0,0,7,192,0,0,0,0,3,0,0,0,0,0,0,0,0,0,0,0,0,0,0,0,0,0,0,1,128,0,0,0,0,7,192,0,0,0,0,31,192,0,0,0,0,56,192,0,0,0,0,112,224,0,0,1,128,96,96,0,0,3,128,192,112,0,0,1,0,192,48,0,0,0,1,128,56,0,0,0,1,128,28,0,0,0,1,128,14,0,0,0,3,0,7,128,0,0,3,0,1,255,128,0,3,0,0,127,128,0,3,0,0,3,128,0,1,128,0,3,0,0,1,128,0,3,0,0,1,128,0,3,0,0,0,192,0,6,0,0,0,192,0,14,0,0,0,96,0,12,0,0,0,48,0,56,0,0,0,28,0,112,0,0,0,15,1,224,0,0,0,3,255,128,0,0,0,0,126,0,0,0,0,0,0,0,0,0,0,0,0,0,0,0,0,0,0,0,0,0,0,0,0,0,0,0,0,0,0,0,0,0,0,0,0,0,0,0,0,0,0,0,0,0,0,0,0,0,0,0,0,0,0,0,0},
  {0,0,0,0,0,0,0,0,0,0,0,0,0,0,0,0,0,0,0,0,0,0,0,0,0,0,0,0,0,0,0,0,0,0,0,0,0,1,0,0,0,0,0,3,0,0,0,0,0,7,192,0,0,0,0,7,128,0,0,0,0,3,0,0,0,0,0,0,0,0,0,0,0,0,0,0,0,0,0,0,0,0,0,0,0,0,7,0,0,0,0,0,31,0,0,0,0,0,57,128,0,0,0,0,112,192,0,0,1,128,224,96,0,0,1,128,192,112,0,0,0,1,128,60,0,0,0,1,128,14,0,0,0,1,128,7,128,0,0,1,0,1,248,0,0,1,0,0,126,0,0,1,0,0,6,0,0,1,0,0,6,0,0,1,0,0,6,0,0,1,128,0,6,0,0,1,128,0,12,0,0,1,192,0,12,0,0,0,192,0,24,0,0,0,96,0,56,0,0,0,112,0,112,0,0,0,60,0,224,0,0,0,31,7,192,0,0,0,7,255,0,0,0,0,1,248,0,0,0,0,0,0,0,0,0,0,0,0,0,0,0,0,0,0,0,0,0,0,0,0,0,0,0,0,0,0,0,0,0,0,0,0,0,0,0,0,0,0,0,0,0,0,0,0,0,0,0,0,0,0,0,0,0,0,0,0,0,0},
  {0,0,0,0,0,0,0,0,0,0,0,0,0,0,0,0,0,0,0,0,0,0,0,0,0,0,12,0,0,0,0,0,12,0,0,0,0,0,0,0,0,0,0,3,0,0,0,0,0,3,128,0,48,0,0,3,128,0,16,0,0,0,0,0,0,0,0,0,0,0,0,0,0,192,0,0,0,0,0,128,0,0,0,0,0,0,0,0,0,0,0,0,0,0,0,0,0,0,0,0,0,0,0,0,127,192,0,0,0,0,255,255,192,0,0,0,192,63,240,0,0,1,128,0,48,48,0,1,128,0,24,48,0,1,128,0,24,0,0,3,0,0,24,0,0,3,0,0,24,0,0,3,0,0,24,0,12,3,0,0,24,0,12,1,0,0,24,0,0,1,128,0,24,0,0,1,128,0,48,0,0,0,192,0,48,0,0,0,224,0,96,0,0,0,112,0,192,0,0,0,60,3,128,0,0,0,31,159,1,0,0,0,7,252,3,0,0,0,0,64,0,0,0,0,0,0,0,0,0,8,0,0,0,0,0,12,0,0,0,0,0,0,0,0,0,0,0,0,0,0,0,0,0,0,0,48,0,0,0,0,0,48,0,0,0,0,0,0,0,0,0,0,0,0,0,0,0,0,0,0,0,0,0,0,0,0,0,0},
  {0,0,0,0,0,0,0,0,0,0,0,0,0,0,0,0,0,0,0,0,0,0,0,0,0,0,0,0,0,0,0,0,0,12,0,0,0,2,0,12,0,0,0,3,0,12,0,0,0,3,128,0,0,0,0,3,0,0,0,0,0,0,0,0,0,0,0,0,0,0,0,0,0,0,0,0,0,0,0,0,0,0,0,0,0,0,0,240,0,192,0,0,3,252,1,192,0,0,7,15,1,0,0,0,12,3,128,0,7,0,24,1,128,0,7,0,48,0,192,0,0,0,96,0,96,0,0,0,192,0,96,0,0,0,192,0,96,0,0,1,128,0,32,0,0,1,128,0,32,0,0,1,0,0,96,0,0,1,0,0,96,0,0,1,128,0,96,0,0,1,128,0,96,224,0,0,192,0,192,224,0,0,192,1,192,0,0,0,112,3,128,0,3,128,56,15,0,0,3,0,31,254,0,0,0,0,7,248,0,0,0,0,0,0,0,0,0,0,0,0,0,0,0,0,0,0,0,0,0,0,0,0,0,0,0,0,0,0,192,0,0,0,48,0,192,0,0,0,48,0,64,0,0,0,48,0,0,0,0,0,0,0,0,0,0,0,0,0,0,0,0,0,0,0,0,0,0,0,0,0,0,0,0,0,0,0,0,0},
  {0,0,0,0,0,0,0,0,0,0,0,0,0,0,0,0,0,0,0,0,0,0,0,0,0,0,3,0,0,0,0,0,3,0,0,0,0,0,3,0,0,0,0,0,3,0,0,0,0,0,1,0,0,0,0,0,0,0,12,0,0,64,0,0,24,0,0,96,0,0,48,0,0,48,0,0,48,0,0,24,0,0,0,0,0,0,3,192,0,0,0,0,15,248,0,0,0,0,60,28,0,0,0,0,112,7,0,0,0,0,192,3,0,0,0,0,192,1,128,0,0,1,128,1,128,0,0,1,128,0,192,0,0,1,128,0,192,240,0,1,128,0,193,240,15,1,128,0,192,0,15,1,128,0,192,0,0,1,128,0,192,0,0,0,128,0,128,0,0,0,192,1,128,0,0,0,192,3,0,0,0,0,96,7,0,0,0,0,56,30,0,0,0,0,31,248,0,0,0,0,7,224,0,0,0,0,0,0,24,0,0,4,0,0,12,0,0,12,0,0,6,0,0,24,0,0,2,0,0,48,0,0,0,0,0,0,0,128,0,0,0,0,0,192,0,0,0,0,0,192,0,0,0,0,0,192,0,0,0,0,0,192,0,0,0,0,0,0,0,0,0,0,0,0,0,0,0,0,0,0,0,0,0,0,0,0,0,0},
  {0,0,0,0,0,0,0,0,0,0,0,0,0,0,0,0,0,0,0,0,0,0,0,0,0,0,0,0,0,0,0,0,24,0,0,0,0,0,24,0,0,0,0,0,8,0,32,0,0,0,12,0,96,0,0,0,12,0,224,0,0,0,0,0,192,0,0,0,0,1,128,0,0,0,0,0,0,0,1,192,0,0,0,0,0,224,0,0,0,0,0,112,15,240,0,0,0,16,62,124,0,0,0,0,112,14,0,0,0,0,224,7,0,0,0,0,192,3,0,96,0,1,128,1,131,224,0,1,128,1,131,0,0,1,128,1,128,0,0,1,0,0,128,0,0,3,0,0,192,0,0,1,128,1,128,0,0,193,128,1,128,0,7,193,128,1,128,0,14,0,192,3,0,0,0,0,224,7,0,0,0,0,112,14,0,0,0,0,62,124,8,0,0,0,15,240,14,0,0,0,0,0,7,0,0,0,0,0,3,128,0,0,0,0,0,0,0,1,128,0,0,0,0,3,0,0,0,0,0,7,0,48,0,0,0,6,0,48,0,0,0,4,0,16,0,0,0,0,0,24,0,0,0,0,0,24,0,0,0,0,0,16,0,0,0,0,0,0,0,0,0,0,0,0,0,0,0,0,0,0,0,0,0,0,0,0,0,0},
  {0,0,0,0,0,0,0,0,0,0,0,0,0,0,0,0,0,0,0,0,0,0,0,0,0,0,6,0,0,0,0,0,6,0,0,0,0,0,6,0,0,0,0,0,6,0,0,0,0,0,6,0,24,0,0,0,2,0,24,0,0,0,2,0,48,0,0,192,0,0,96,0,0,224,0,0,224,0,0,120,0,0,192,0,0,28,0,0,0,0,0,12,15,240,0,0,0,0,62,124,0,0,0,0,112,14,0,0,0,0,224,7,0,0,0,0,192,3,0,0,0,1,128,1,128,0,0,1,128,1,131,240,0,1,128,1,135,240,0,1,0,0,128,0,0,3,0,0,192,0,15,225,128,1,128,0,15,193,128,1,128,0,0,1,128,1,128,0,0,0,192,3,0,0,0,0,224,7,0,0,0,0,112,14,0,0,0,0,62,124,0,0,0,0,15,240,48,0,0,0,0,0,56,0,0,3,0,0,30,0,0,7,0,0,7,0,0,6,0,0,3,0,0,12,0,64,0,0,0,24,0,64,0,0,0,24,0,96,0,0,0,0,0,96,0,0,0,0,0,96,0,0,0,0,0,96,0,0,0,0,0,96,0,0,0,0,0,0,0,0,0,0,0,0,0,0,0,0,0,0,0,0,0,0,0,0,0,0},
  {0,0,0,0,0,0,0,0,0,0,0,0,0,0,0,0,0,0,0,0,0,0,0,0,0,0,1,128,0,0,0,0,1,128,0,0,0,0,1,128,0,0,0,0,1,128,0,0,0,0,1,128,0,0,0,0,1,128,0,0,0,48,1,128,12,0,0,56,0,0,28,0,0,28,0,0,56,0,0,14,0,0,112,0,0,6,0,0,96,0,0,0,15,240,0,0,0,0,62,124,0,0,0,0,112,14,0,0,0,0,224,7,0,0,0,0,192,3,0,0,0,1,128,1,128,0,0,1,128,1,128,0,0,1,128,1,128,0,15,225,0,0,135,240,15,227,0,0,199,240,0,1,128,1,128,0,0,1,128,1,128,0,0,1,128,1,128,0,0,0,192,3,0,0,0,0,224,7,0,0,0,0,112,14,0,0,0,0,62,124,0,0,0,0,15,240,0,0,0,6,0,0,96,0,0,14,0,0,112,0,0,28,0,0,56,0,0,56,0,0,28,0,0,48,1,128,12,0,0,0,1,128,0,0,0,0,1,128,0,0,0,0,1,128,0,0,0,0,1,128,0,0,0,0,1,128,0,0,0,0,1,128,0,0,0,0,0,0,0,0,0,0,0,0,0,0,0,0,0,0,0,0,0,0,0,0,0,0},
  {0,0,0,0,0,0,0,0,0,0,0,0,0,0,0,0,0,0,0,0,0,0,0,0,0,0,1,128,0,0,0,0,1,128,0,0,0,0,1,128,0,0,0,0,1,128,0,0,0,0,1,128,0,0,0,0,1,128,0,0,0,48,1,128,12,0,0,56,0,0,28,0,0,28,0,0,56,0,0,14,0,0,112,0,0,6,0,0,96,0,0,0,15,240,0,0,0,0,62,124,0,0,0,0,112,14,0,0,0,0,224,7,0,0,0,0,192,3,0,0,0,1,128,1,128,0,0,1,128,1,128,0,0,1,128,1,128,0,15,225,0,0,135,240,15,227,0,0,199,240,0,1,128,1,128,0,0,1,128,1,128,0,0,1,128,1,128,0,0,0,192,3,0,0,0,0,224,7,0,0,0,0,112,14,0,0,0,0,62,124,0,0,0,0,15,240,0,0,0,6,0,0,96,0,0,14,0,0,112,0,0,28,0,0,56,0,0,56,0,0,28,0,0,48,1,128,12,0,0,0,1,128,0,0,0,0,1,128,0,0,0,0,1,128,0,0,0,0,1,128,0,0,0,0,1,128,0,0,0,0,1,128,0,0,0,0,0,0,0,0,0,0,0,0,0,0,0,0,0,0,0,0,0,0,0,0,0,0},
  {0,0,0,0,0,0,0,0,0,0,0,0,0,0,0,0,0,0,0,0,0,0,0,0,0,0,1,128,0,0,0,0,1,128,0,0,0,0,1,128,0,0,0,0,1,128,0,0,0,0,1,128,0,0,0,0,1,128,0,0,0,48,1,128,12,0,0,56,0,0,28,0,0,28,0,0,56,0,0,14,0,0,112,0,0,6,0,0,96,0,0,0,15,240,0,0,0,0,62,124,0,0,0,0,112,14,0,0,0,0,224,7,0,0,0,0,192,3,0,0,0,1,128,1,128,0,0,1,128,1,128,0,0,1,128,1,128,0,15,225,0,0,135,240,15,227,0,0,199,240,0,1,128,1,128,0,0,1,128,1,128,0,0,1,128,1,128,0,0,0,192,3,0,0,0,0,224,7,0,0,0,0,112,14,0,0,0,0,62,124,0,0,0,0,15,240,0,0,0,6,0,0,96,0,0,14,0,0,112,0,0,28,0,0,56,0,0,56,0,0,28,0,0,48,1,128,12,0,0,0,1,128,0,0,0,0,1,128,0,0,0,0,1,128,0,0,0,0,1,128,0,0,0,0,1,128,0,0,0,0,1,128,0,0,0,0,0,0,0,0,0,0,0,0,0,0,0,0,0,0,0,0,0,0,0,0,0,0}
};

void setup() {
  display.begin(SSD1306_SWITCHCAPVCC, SCREEN_I2C_ADDR);
}

int frame = 0;
void loop() {
  display.clearDisplay();
  display.drawBitmap(40, 8, frames[frame], FRAME_WIDTH, FRAME_HEIGHT, 1);
  display.display();
  frame = (frame + 1) % FRAME_COUNT;
  delay(FRAME_DELAY);
}
