#include <Adafruit_GFX.h>
#include <Adafruit_SSD1306.h>

#define SCREEN_I2C_ADDR 0x3D // or 0x3C
#define SCREEN_WIDTH 128     // OLED display width, in pixels
#define SCREEN_HEIGHT 64     // OLED display height, in pixels
#define OLED_RST_PIN -1      // Reset pin (-1 if not available)

Adafruit_SSD1306 display(128, 64, &Wire, OLED_RST_PIN);

// OLED Animation: tune
// Code auto-generated by https://wokwi.com/animator, graphics by icons8.com

#define FRAME_DELAY (42)
#define FRAME_WIDTH (48)
#define FRAME_HEIGHT (48)
#define FRAME_COUNT (sizeof(frames) / sizeof(frames[0]))
const byte PROGMEM frames[][288] = {
  {0,0,0,0,0,0,0,0,0,0,0,0,0,3,224,0,0,0,0,7,240,0,0,0,0,4,48,0,0,0,0,4,48,0,0,0,0,12,48,0,0,0,63,252,55,255,255,252,31,252,51,255,255,248,0,4,48,0,0,0,0,4,48,0,0,0,0,7,48,0,0,0,0,7,240,0,0,0,0,0,0,0,0,0,0,0,0,0,0,0,0,0,0,0,0,0,0,0,0,0,0,0,0,0,0,0,0,0,0,0,0,0,240,0,0,0,0,3,248,0,0,0,0,3,24,0,0,0,0,3,8,0,0,0,0,3,8,0,63,255,255,255,11,252,63,255,255,255,11,252,0,0,0,3,8,0,0,0,0,3,8,0,0,0,0,3,24,0,0,0,0,3,248,0,0,0,0,0,240,0,0,0,0,0,0,0,0,0,0,0,0,0,0,0,0,0,0,0,0,0,0,0,0,0,0,0,0,0,0,0,0,63,128,0,0,0,0,51,128,0,0,0,0,49,128,0,0,0,0,33,128,0,0,0,31,225,159,255,255,248,63,225,191,255,255,252,0,49,128,0,0,0,0,33,128,0,0,0,0,49,128,0,0,0,0,63,128,0,0,0,0,31,0,0,0,0,0,0,0,0,0,0,0,0,0,0,0,0},
  {0,0,0,0,0,0,0,0,0,0,0,0,0,3,224,0,0,0,0,7,240,0,0,0,0,4,48,0,0,0,0,4,48,0,0,0,0,12,48,0,0,0,63,252,55,255,255,252,31,252,51,255,255,248,0,4,48,0,0,0,0,4,48,0,0,0,0,7,48,0,0,0,0,7,240,0,0,0,0,0,0,0,0,0,0,0,0,0,0,0,0,0,0,0,0,0,0,0,0,0,0,0,0,0,0,0,0,0,0,0,0,0,240,0,0,0,0,3,248,0,0,0,0,3,24,0,0,0,0,3,8,0,0,0,0,3,8,0,63,255,255,255,11,252,63,255,255,255,11,252,0,0,0,3,8,0,0,0,0,3,8,0,0,0,0,3,24,0,0,0,0,3,248,0,0,0,0,0,240,0,0,0,0,0,0,0,0,0,0,0,0,0,0,0,0,0,0,0,0,0,0,0,0,0,0,0,0,0,0,0,0,63,128,0,0,0,0,51,128,0,0,0,0,49,128,0,0,0,0,33,128,0,0,0,31,225,159,255,255,248,63,225,191,255,255,252,0,49,128,0,0,0,0,33,128,0,0,0,0,49,128,0,0,0,0,63,128,0,0,0,0,31,0,0,0,0,0,0,0,0,0,0,0,0,0,0,0,0},
  {0,0,0,0,0,0,0,0,0,0,0,0,0,3,224,0,0,0,0,7,240,0,0,0,0,4,48,0,0,0,0,4,48,0,0,0,0,12,48,0,0,0,63,252,55,255,255,252,31,252,51,255,255,248,0,4,48,0,0,0,0,4,48,0,0,0,0,7,48,0,0,0,0,7,240,0,0,0,0,0,0,0,0,0,0,0,0,0,0,0,0,0,0,0,0,0,0,0,0,0,0,0,0,0,0,0,0,0,0,0,0,0,240,0,0,0,0,3,248,0,0,0,0,3,24,0,0,0,0,3,8,0,0,0,0,3,8,0,63,255,255,255,11,252,63,255,255,255,11,252,0,0,0,3,8,0,0,0,0,3,8,0,0,0,0,3,24,0,0,0,0,3,248,0,0,0,0,0,240,0,0,0,0,0,0,0,0,0,0,0,0,0,0,0,0,0,0,0,0,0,0,0,0,0,0,0,0,0,0,0,0,63,128,0,0,0,0,51,128,0,0,0,0,49,128,0,0,0,0,33,128,0,0,0,31,225,159,255,255,248,63,225,191,255,255,252,0,49,128,0,0,0,0,33,128,0,0,0,0,49,128,0,0,0,0,63,128,0,0,0,0,31,0,0,0,0,0,0,0,0,0,0,0,0,0,0,0,0},
  {0,0,0,0,0,0,0,0,0,0,0,0,0,3,224,0,0,0,0,7,240,0,0,0,0,4,48,0,0,0,0,4,48,0,0,0,0,12,48,0,0,0,63,252,55,255,255,252,31,252,51,255,255,248,0,4,48,0,0,0,0,4,48,0,0,0,0,7,48,0,0,0,0,7,240,0,0,0,0,0,0,0,0,0,0,0,0,0,0,0,0,0,0,0,0,0,0,0,0,0,0,0,0,0,0,0,0,0,0,0,0,0,240,0,0,0,0,3,248,0,0,0,0,3,24,0,0,0,0,3,8,0,0,0,0,3,8,0,63,255,255,255,11,252,63,255,255,255,11,252,0,0,0,3,8,0,0,0,0,3,8,0,0,0,0,3,24,0,0,0,0,3,248,0,0,0,0,0,240,0,0,0,0,0,0,0,0,0,0,0,0,0,0,0,0,0,0,0,0,0,0,0,0,0,0,0,0,0,0,0,0,63,128,0,0,0,0,51,128,0,0,0,0,49,128,0,0,0,0,33,128,0,0,0,31,225,159,255,255,248,63,225,191,255,255,252,0,49,128,0,0,0,0,33,128,0,0,0,0,49,128,0,0,0,0,63,128,0,0,0,0,31,0,0,0,0,0,0,0,0,0,0,0,0,0,0,0,0},
  {0,0,0,0,0,0,0,0,0,0,0,0,0,1,240,0,0,0,0,3,248,0,0,0,0,6,24,0,0,0,0,6,24,0,0,0,0,6,24,0,0,0,63,254,27,255,255,252,31,254,27,255,255,248,0,6,24,0,0,0,0,6,24,0,0,0,0,3,24,0,0,0,0,3,240,0,0,0,0,0,0,0,0,0,0,0,0,0,0,0,0,0,0,0,0,0,0,0,0,0,0,0,0,0,0,0,0,0,0,0,0,3,192,0,0,0,0,7,240,0,0,0,0,14,48,0,0,0,0,12,48,0,0,0,0,12,48,0,63,255,255,252,55,252,63,255,255,252,55,252,0,0,0,12,48,0,0,0,0,12,48,0,0,0,0,6,48,0,0,0,0,7,240,0,0,0,0,3,192,0,0,0,0,0,0,0,0,0,0,0,0,0,0,0,0,0,0,0,0,0,0,0,0,0,0,0,0,0,0,0,0,31,128,0,0,0,0,25,192,0,0,0,0,16,192,0,0,0,0,16,192,0,0,0,31,240,207,255,255,248,63,240,223,255,255,252,0,48,192,0,0,0,0,16,192,0,0,0,0,16,192,0,0,0,0,31,192,0,0,0,0,15,128,0,0,0,0,0,0,0,0,0,0,0,0,0,0,0},
  {0,0,0,0,0,0,0,0,0,0,0,0,0,0,124,0,0,0,0,0,254,0,0,0,0,0,194,0,0,0,0,0,194,0,0,0,0,0,199,0,0,0,63,255,194,255,255,252,31,255,194,127,255,248,0,0,194,0,0,0,0,0,194,0,0,0,0,0,230,0,0,0,0,0,126,0,0,0,0,0,0,0,0,0,0,0,0,0,0,0,0,0,0,0,0,0,0,0,0,0,0,0,0,0,0,0,0,0,0,0,0,30,0,0,0,0,0,127,0,0,0,0,0,99,0,0,0,0,0,97,0,0,0,0,0,97,0,0,63,255,255,225,127,252,63,255,255,225,127,252,0,0,0,97,0,0,0,0,0,97,0,0,0,0,0,99,0,0,0,0,0,127,0,0,0,0,0,30,0,0,0,0,0,0,0,0,0,0,0,0,0,0,0,0,0,0,0,0,0,0,0,0,0,0,0,0,0,0,0,0,0,7,240,0,0,0,0,6,112,0,0,0,0,6,16,0,0,0,0,6,16,0,0,0,31,254,19,255,255,248,63,254,23,255,255,252,0,6,48,0,0,0,0,6,16,0,0,0,0,6,48,0,0,0,0,7,240,0,0,0,0,3,224,0,0,0,0,0,0,0,0,0,0,0,0,0,0,0},
  {0,0,0,0,0,0,0,0,0,0,0,0,0,0,15,192,0,0,0,0,15,192,0,0,0,0,24,96,0,0,0,0,24,96,0,0,0,0,24,96,0,0,63,255,248,111,255,252,31,255,248,111,255,248,0,0,24,96,0,0,0,0,24,96,0,0,0,0,28,224,0,0,0,0,15,192,0,0,0,0,0,0,0,0,0,0,0,0,0,0,0,0,0,0,0,0,0,0,0,0,0,0,0,0,0,0,0,0,0,0,3,192,0,0,0,0,15,224,0,0,0,0,12,96,0,0,0,0,12,48,0,0,0,0,12,48,0,0,63,255,252,55,255,252,63,255,252,55,255,252,0,0,12,48,0,0,0,0,12,48,0,0,0,0,12,96,0,0,0,0,15,224,0,0,0,0,3,192,0,0,0,0,0,0,0,0,0,0,0,0,0,0,0,0,0,0,0,0,0,0,0,0,0,0,0,0,0,0,0,0,0,0,126,0,0,0,0,0,198,0,0,0,0,0,195,0,0,0,0,0,195,0,0,0,31,255,195,127,255,248,63,255,195,127,255,252,0,0,195,0,0,0,0,0,195,0,0,0,0,0,195,0,0,0,0,0,254,0,0,0,0,0,124,0,0,0,0,0,0,0,0,0,0,0,0,0,0,0},
  {0,0,0,0,0,0,0,0,0,0,0,0,0,0,0,252,0,0,0,0,1,252,0,0,0,0,1,134,0,0,0,0,1,134,0,0,0,0,1,134,0,0,63,255,255,134,255,252,31,255,255,134,255,248,0,0,1,134,0,0,0,0,1,134,0,0,0,0,1,204,0,0,0,0,0,252,0,0,0,0,0,0,0,0,0,0,0,0,0,0,0,0,0,0,0,0,0,0,0,0,0,0,0,0,0,0,0,0,0,0,120,0,0,0,0,1,252,0,0,0,0,1,140,0,0,0,0,1,12,0,0,0,0,1,12,0,0,0,63,255,13,255,255,252,63,255,13,255,255,252,0,1,12,0,0,0,0,1,12,0,0,0,0,1,140,0,0,0,0,1,252,0,0,0,0,0,240,0,0,0,0,0,0,0,0,0,0,0,0,0,0,0,0,0,0,0,0,0,0,0,0,0,0,0,0,0,0,0,0,0,0,0,15,224,0,0,0,0,12,224,0,0,0,0,12,32,0,0,0,0,12,32,0,0,31,255,252,39,255,248,63,255,252,47,255,252,0,0,12,96,0,0,0,0,12,32,0,0,0,0,12,96,0,0,0,0,15,224,0,0,0,0,7,192,0,0,0,0,0,0,0,0,0,0,0,0,0,0},
  {0,0,0,0,0,0,0,0,0,0,0,0,0,0,0,15,128,0,0,0,0,31,192,0,0,0,0,24,64,0,0,0,0,24,96,0,0,0,0,24,96,0,63,255,255,248,111,252,31,255,255,248,111,248,0,0,0,24,96,0,0,0,0,24,96,0,0,0,0,28,192,0,0,0,0,15,192,0,0,0,0,0,0,0,0,0,0,0,0,0,0,0,0,0,0,0,0,0,0,0,0,0,0,0,0,0,0,0,0,15,0,0,0,0,0,63,128,0,0,0,0,49,128,0,0,0,0,48,128,0,0,0,0,48,128,0,0,0,63,240,191,255,255,252,63,240,191,255,255,252,0,48,128,0,0,0,0,48,128,0,0,0,0,49,128,0,0,0,0,63,128,0,0,0,0,15,0,0,0,0,0,0,0,0,0,0,0,0,0,0,0,0,0,0,0,0,0,0,0,0,0,0,0,0,0,0,0,0,0,0,0,0,0,252,0,0,0,0,0,206,0,0,0,0,1,134,0,0,0,0,1,134,0,0,31,255,255,134,255,248,63,255,255,134,255,252,0,0,1,134,0,0,0,0,1,134,0,0,0,0,0,134,0,0,0,0,0,254,0,0,0,0,0,124,0,0,0,0,0,0,0,0,0,0,0,0,0,0},
  {0,0,0,0,0,0,0,0,0,0,0,0,0,0,0,1,248,0,0,0,0,1,252,0,0,0,0,3,12,0,0,0,0,3,12,0,0,0,0,3,12,0,63,255,255,255,13,252,31,255,255,255,13,248,0,0,0,3,12,0,0,0,0,3,12,0,0,0,0,3,156,0,0,0,0,1,248,0,0,0,0,0,0,0,0,0,0,0,0,0,0,0,0,0,0,0,0,0,0,0,0,0,0,0,0,0,0,0,0,240,0,0,0,0,1,248,0,0,0,0,3,12,0,0,0,0,3,12,0,0,0,0,3,12,0,0,0,0,63,13,255,255,255,252,63,13,255,255,255,252,3,12,0,0,0,0,3,12,0,0,0,0,3,12,0,0,0,0,1,248,0,0,0,0,0,240,0,0,0,0,0,0,0,0,0,0,0,0,0,0,0,0,0,0,0,0,0,0,0,0,0,0,0,0,0,0,0,0,0,0,0,0,0,31,192,0,0,0,0,25,192,0,0,0,0,24,192,0,0,0,0,16,192,0,31,255,255,240,207,248,63,255,255,240,223,252,0,0,0,24,192,0,0,0,0,16,192,0,0,0,0,24,192,0,0,0,0,31,192,0,0,0,0,15,128,0,0,0,0,0,0,0,0,0,0,0,0,0},
  {0,0,0,0,0,0,0,0,0,0,0,0,0,0,0,0,62,0,0,0,0,0,127,0,0,0,0,0,99,0,0,0,0,0,97,0,0,0,0,0,99,0,63,255,255,255,225,124,31,255,255,255,225,56,0,0,0,0,97,0,0,0,0,0,99,0,0,0,0,0,115,0,0,0,0,0,127,0,0,0,0,0,0,0,0,0,0,0,0,0,0,0,0,0,0,0,0,0,0,0,0,0,0,0,0,0,0,0,1,224,0,0,0,0,7,240,0,0,0,0,6,48,0,0,0,0,6,16,0,0,0,0,6,16,0,0,0,0,62,23,255,255,255,252,62,23,255,255,255,252,6,16,0,0,0,0,6,16,0,0,0,0,6,48,0,0,0,0,7,240,0,0,0,0,1,224,0,0,0,0,0,0,0,0,0,0,0,0,0,0,0,0,0,0,0,0,0,0,0,0,0,0,0,0,0,0,0,0,0,0,0,0,0,3,240,0,0,0,0,6,48,0,0,0,0,6,16,0,0,0,0,6,24,0,31,255,255,254,27,248,63,255,255,254,27,252,0,0,0,6,24,0,0,0,0,6,24,0,0,0,0,6,16,0,0,0,0,7,240,0,0,0,0,3,224,0,0,0,0,0,0,0,0,0,0,0,0,0},
  {0,0,0,0,0,0,0,0,0,0,0,0,0,0,0,0,31,0,0,0,0,0,63,128,0,0,0,0,49,128,0,0,0,0,33,128,0,0,0,0,49,128,63,255,255,255,225,188,31,255,255,255,225,184,0,0,0,0,33,128,0,0,0,0,33,128,0,0,0,0,57,128,0,0,0,0,63,128,0,0,0,0,0,0,0,0,0,0,0,0,0,0,0,0,0,0,0,0,0,0,0,0,0,0,0,0,0,0,1,224,0,0,0,0,3,248,0,0,0,0,3,24,0,0,0,0,6,24,0,0,0,0,6,24,0,0,0,0,62,27,255,255,255,252,62,27,255,255,255,252,6,24,0,0,0,0,6,24,0,0,0,0,3,24,0,0,0,0,3,248,0,0,0,0,1,224,0,0,0,0,0,0,0,0,0,0,0,0,0,0,0,0,0,0,0,0,0,0,0,0,0,0,0,0,0,0,0,0,0,0,0,0,0,3,248,0,0,0,0,3,56,0,0,0,0,3,8,0,0,0,0,3,8,0,31,255,255,255,9,248,63,255,255,255,11,252,0,0,0,3,28,0,0,0,0,3,8,0,0,0,0,3,24,0,0,0,0,3,248,0,0,0,0,1,240,0,0,0,0,0,0,0,0,0,0,0,0,0},
  {0,0,0,0,0,0,0,0,0,0,0,0,0,0,0,0,62,0,0,0,0,0,127,0,0,0,0,0,97,0,0,0,0,0,97,0,0,0,0,0,99,128,63,255,255,255,225,124,31,255,255,255,225,56,0,0,0,0,97,0,0,0,0,0,97,0,0,0,0,0,115,0,0,0,0,0,63,0,0,0,0,0,0,0,0,0,0,0,0,0,0,0,0,0,0,0,0,0,0,0,0,0,0,0,0,0,0,0,0,120,0,0,0,0,0,252,0,0,0,0,1,134,0,0,0,0,1,134,0,0,0,0,1,134,0,0,0,0,63,134,255,255,255,252,63,134,255,255,255,252,1,134,0,0,0,0,1,134,0,0,0,0,1,134,0,0,0,0,0,252,0,0,0,0,0,120,0,0,0,0,0,0,0,0,0,0,0,0,0,0,0,0,0,0,0,0,0,0,0,0,0,0,0,0,0,0,0,0,0,0,0,0,0,7,240,0,0,0,0,6,112,0,0,0,0,6,16,0,0,0,0,6,16,0,31,255,255,254,19,248,63,255,255,254,23,252,0,0,0,6,48,0,0,0,0,6,16,0,0,0,0,6,48,0,0,0,0,7,240,0,0,0,0,3,224,0,0,0,0,0,0,0,0,0,0,0,0,0},
  {0,0,0,0,0,0,0,0,0,0,0,0,0,0,0,0,248,0,0,0,0,1,252,0,0,0,0,1,140,0,0,0,0,1,12,0,0,0,0,1,140,0,63,255,255,255,13,252,31,255,255,255,12,248,0,0,0,1,12,0,0,0,0,1,12,0,0,0,0,1,204,0,0,0,0,1,252,0,0,0,0,0,0,0,0,0,0,0,0,0,0,0,0,0,0,0,0,0,0,0,0,0,0,0,0,0,0,0,0,15,0,0,0,0,0,63,128,0,0,0,0,49,128,0,0,0,0,48,128,0,0,0,0,48,128,0,0,0,63,240,191,255,255,252,63,240,191,255,255,252,0,48,128,0,0,0,0,48,128,0,0,0,0,49,128,0,0,0,0,63,128,0,0,0,0,14,0,0,0,0,0,0,0,0,0,0,0,0,0,0,0,0,0,0,0,0,0,0,0,0,0,0,0,0,0,0,0,0,0,0,0,0,0,31,128,0,0,0,0,57,192,0,0,0,0,48,192,0,0,0,0,48,192,0,31,255,255,240,223,248,63,255,255,240,223,252,0,0,0,48,192,0,0,0,0,48,192,0,0,0,0,48,192,0,0,0,0,63,128,0,0,0,0,31,128,0,0,0,0,0,0,0,0,0,0,0,0,0},
  {0,0,0,0,0,0,0,0,0,0,0,0,0,0,0,7,192,0,0,0,0,15,224,0,0,0,0,24,96,0,0,0,0,24,96,0,0,0,0,24,96,0,63,255,255,248,111,252,31,255,255,248,111,248,0,0,0,24,96,0,0,0,0,24,96,0,0,0,0,12,96,0,0,0,0,15,192,0,0,0,0,0,0,0,0,0,0,0,0,0,0,0,0,0,0,0,0,0,0,0,0,0,0,0,0,0,0,0,0,1,224,0,0,0,0,7,240,0,0,0,0,6,48,0,0,0,0,6,16,0,0,0,0,6,16,0,0,0,63,254,19,255,255,252,63,254,19,255,255,252,0,6,16,0,0,0,0,6,16,0,0,0,0,6,48,0,0,0,0,7,240,0,0,0,0,1,224,0,0,0,0,0,0,0,0,0,0,0,0,0,0,0,0,0,0,0,0,0,0,0,0,0,0,0,0,0,0,0,0,0,0,0,1,248,0,0,0,0,3,156,0,0,0,0,3,12,0,0,0,0,3,12,0,0,31,255,255,13,255,248,63,255,255,13,255,252,0,0,3,12,0,0,0,0,3,12,0,0,0,0,3,12,0,0,0,0,3,248,0,0,0,0,1,248,0,0,0,0,0,0,0,0,0,0,0,0,0,0},
  {0,0,0,0,0,0,0,0,0,0,0,0,0,0,0,124,0,0,0,0,0,254,0,0,0,0,0,134,0,0,0,0,0,134,0,0,0,0,1,134,0,0,63,255,255,134,255,252,31,255,255,134,127,248,0,0,0,134,0,0,0,0,0,134,0,0,0,0,0,230,0,0,0,0,0,254,0,0,0,0,0,0,0,0,0,0,0,0,0,0,0,0,0,0,0,0,0,0,0,0,0,0,0,0,0,0,0,0,0,0,60,0,0,0,0,0,127,0,0,0,0,0,99,0,0,0,0,0,195,0,0,0,0,0,195,0,0,0,63,255,195,127,255,252,63,255,195,127,255,252,0,0,195,0,0,0,0,0,195,0,0,0,0,0,99,0,0,0,0,0,127,0,0,0,0,0,60,0,0,0,0,0,0,0,0,0,0,0,0,0,0,0,0,0,0,0,0,0,0,0,0,0,0,0,0,0,0,0,0,0,0,0,63,128,0,0,0,0,51,128,0,0,0,0,48,128,0,0,0,0,48,128,0,0,31,255,240,159,255,248,63,255,240,191,255,252,0,0,49,192,0,0,0,0,48,128,0,0,0,0,49,128,0,0,0,0,63,128,0,0,0,0,31,0,0,0,0,0,0,0,0,0,0,0,0,0,0,0},
  {0,0,0,0,0,0,0,0,0,0,0,0,0,0,15,192,0,0,0,0,15,192,0,0,0,0,24,96,0,0,0,0,24,96,0,0,0,0,24,96,0,0,63,255,248,111,255,252,31,255,248,111,255,248,0,0,24,96,0,0,0,0,24,96,0,0,0,0,28,224,0,0,0,0,15,192,0,0,0,0,0,0,0,0,0,0,0,0,0,0,0,0,0,0,0,0,0,0,0,0,0,0,0,0,0,0,0,0,0,0,3,192,0,0,0,0,7,224,0,0,0,0,12,48,0,0,0,0,12,48,0,0,0,0,12,48,0,0,63,255,252,55,255,252,63,255,252,55,255,252,0,0,12,48,0,0,0,0,12,48,0,0,0,0,12,112,0,0,0,0,7,224,0,0,0,0,3,192,0,0,0,0,0,0,0,0,0,0,0,0,0,0,0,0,0,0,0,0,0,0,0,0,0,0,0,0,0,0,0,0,0,3,240,0,0,0,0,3,56,0,0,0,0,6,24,0,0,0,0,6,24,0,0,0,31,254,27,255,255,248,63,254,27,255,255,252,0,6,24,0,0,0,0,6,24,0,0,0,0,6,24,0,0,0,0,3,248,0,0,0,0,1,240,0,0,0,0,0,0,0,0,0,0,0,0,0,0,0},
  {0,0,0,0,0,0,0,0,0,0,0,0,0,0,248,0,0,0,0,1,252,0,0,0,0,1,132,0,0,0,0,1,134,0,0,0,0,1,134,0,0,0,63,255,134,255,255,252,31,255,134,255,255,248,0,1,134,0,0,0,0,1,134,0,0,0,0,1,204,0,0,0,0,0,252,0,0,0,0,0,0,0,0,0,0,0,0,0,0,0,0,0,0,0,0,0,0,0,0,0,0,0,0,0,0,0,0,0,0,0,0,60,0,0,0,0,0,254,0,0,0,0,0,198,0,0,0,0,0,134,0,0,0,0,0,134,0,0,63,255,255,134,255,252,63,255,255,134,255,252,0,0,0,134,0,0,0,0,0,134,0,0,0,0,0,198,0,0,0,0,0,254,0,0,0,0,0,120,0,0,0,0,0,0,0,0,0,0,0,0,0,0,0,0,0,0,0,0,0,0,0,0,0,0,0,0,0,0,0,0,0,63,128,0,0,0,0,51,128,0,0,0,0,33,128,0,0,0,0,33,128,0,0,0,31,225,159,255,255,248,63,225,191,255,255,252,0,97,128,0,0,0,0,33,128,0,0,0,0,49,128,0,0,0,0,63,128,0,0,0,0,31,0,0,0,0,0,0,0,0,0,0,0,0,0,0,0,0},
  {0,0,0,0,0,0,0,0,0,0,0,0,0,15,192,0,0,0,0,31,192,0,0,0,0,24,96,0,0,0,0,24,96,0,0,0,0,24,96,0,0,0,63,248,111,255,255,252,31,248,111,255,255,248,0,24,96,0,0,0,0,24,96,0,0,0,0,28,192,0,0,0,0,15,192,0,0,0,0,0,0,0,0,0,0,0,0,0,0,0,0,0,0,0,0,0,0,0,0,0,0,0,0,0,0,0,0,0,0,0,0,7,128,0,0,0,0,31,192,0,0,0,0,24,192,0,0,0,0,24,64,0,0,0,0,24,64,0,63,255,255,248,95,252,63,255,255,248,95,252,0,0,0,24,64,0,0,0,0,24,64,0,0,0,0,24,192,0,0,0,0,31,192,0,0,0,0,7,128,0,0,0,0,0,0,0,0,0,0,0,0,0,0,0,0,0,0,0,0,0,0,0,0,0,0,0,0,0,0,0,1,252,0,0,0,0,1,140,0,0,0,0,1,132,0,0,0,0,1,132,0,0,0,0,31,132,255,255,255,248,63,133,255,255,255,252,1,142,0,0,0,0,1,132,0,0,0,0,1,140,0,0,0,0,1,252,0,0,0,0,0,248,0,0,0,0,0,0,0,0,0,0,0,0,0,0,0,0},
  {0,0,0,0,0,0,0,0,0,0,0,0,0,124,0,0,0,0,0,254,0,0,0,0,0,194,0,0,0,0,0,194,0,0,0,0,0,199,0,0,0,0,63,194,255,255,255,252,31,194,127,255,255,248,0,194,0,0,0,0,0,194,0,0,0,0,0,230,0,0,0,0,0,126,0,0,0,0,0,0,0,0,0,0,0,0,0,0,0,0,0,0,0,0,0,0,0,0,0,0,0,0,0,0,0,0,0,0,0,0,0,1,224,0,0,0,0,3,248,0,0,0,0,7,24,0,0,0,0,6,24,0,0,0,0,6,24,0,63,255,255,254,27,252,63,255,255,254,27,252,0,0,0,6,24,0,0,0,0,6,24,0,0,0,0,3,24,0,0,0,0,3,248,0,0,0,0,1,224,0,0,0,0,0,0,0,0,0,0,0,0,0,0,0,0,0,0,0,0,0,0,0,0,0,0,0,0,0,0,0,3,248,0,0,0,0,3,56,0,0,0,0,3,8,0,0,0,0,3,8,0,0,0,0,31,9,255,255,255,248,63,11,255,255,255,252,3,28,0,0,0,0,3,8,0,0,0,0,3,24,0,0,0,0,3,248,0,0,0,0,1,240,0,0,0,0,0,0,0,0,0,0,0,0,0,0,0,0},
  {0,0,0,0,0,0,0,0,0,0,0,0,1,240,0,0,0,0,3,248,0,0,0,0,3,24,0,0,0,0,2,24,0,0,0,0,3,24,0,0,0,0,62,27,255,255,255,252,30,25,255,255,255,248,2,24,0,0,0,0,2,24,0,0,0,0,3,152,0,0,0,0,3,248,0,0,0,0,0,0,0,0,0,0,0,0,0,0,0,0,0,0,0,0,0,0,0,0,0,0,0,0,0,0,0,0,0,0,0,0,0,0,120,0,0,0,0,0,252,0,0,0,0,1,134,0,0,0,0,1,134,0,0,0,0,1,134,0,63,255,255,255,134,252,63,255,255,255,134,252,0,0,0,1,134,0,0,0,0,1,134,0,0,0,0,1,142,0,0,0,0,0,252,0,0,0,0,0,120,0,0,0,0,0,0,0,0,0,0,0,0,0,0,0,0,0,0,0,0,0,0,0,0,0,0,0,0,0,0,0,1,248,0,0,0,0,3,156,0,0,0,0,3,12,0,0,0,0,3,12,0,0,0,0,31,13,255,255,255,248,63,13,255,255,255,252,3,12,0,0,0,0,3,12,0,0,0,0,3,12,0,0,0,0,3,248,0,0,0,0,1,248,0,0,0,0,0,0,0,0,0,0,0,0,0,0,0,0},
  {0,0,0,0,0,0,0,0,0,0,0,0,3,224,0,0,0,0,7,240,0,0,0,0,6,16,0,0,0,0,6,16,0,0,0,0,6,56,0,0,0,0,62,23,255,255,255,252,30,19,255,255,255,248,6,16,0,0,0,0,6,16,0,0,0,0,7,48,0,0,0,0,3,240,0,0,0,0,0,0,0,0,0,0,0,0,0,0,0,0,0,0,0,0,0,0,0,0,0,0,0,0,0,0,0,0,0,0,0,0,0,0,60,0,0,0,0,0,254,0,0,0,0,0,198,0,0,0,0,0,194,0,0,0,0,0,194,0,63,255,255,255,194,252,63,255,255,255,194,252,0,0,0,0,194,0,0,0,0,0,194,0,0,0,0,0,198,0,0,0,0,0,254,0,0,0,0,0,56,0,0,0,0,0,0,0,0,0,0,0,0,0,0,0,0,0,0,0,0,0,0,0,0,0,0,0,0,0,0,0,1,252,0,0,0,0,1,156,0,0,0,0,1,132,0,0,0,0,1,132,0,0,0,0,31,132,255,255,255,248,63,133,255,255,255,252,1,140,0,0,0,0,1,132,0,0,0,0,1,140,0,0,0,0,1,252,0,0,0,0,0,248,0,0,0,0,0,0,0,0,0,0,0,0,0,0,0,0},
  {0,0,0,0,0,0,0,0,0,0,0,0,1,248,0,0,0,0,3,248,0,0,0,0,3,12,0,0,0,0,3,12,0,0,0,0,3,12,0,0,0,0,63,13,255,255,255,252,31,13,255,255,255,248,3,12,0,0,0,0,3,12,0,0,0,0,3,152,0,0,0,0,1,248,0,0,0,0,0,0,0,0,0,0,0,0,0,0,0,0,0,0,0,0,0,0,0,0,0,0,0,0,0,0,0,0,0,0,0,0,0,0,120,0,0,0,0,0,254,0,0,0,0,0,198,0,0,0,0,1,134,0,0,0,0,1,134,0,63,255,255,255,134,252,63,255,255,255,134,252,0,0,0,1,134,0,0,0,0,1,134,0,0,0,0,0,198,0,0,0,0,0,254,0,0,0,0,0,120,0,0,0,0,0,0,0,0,0,0,0,0,0,0,0,0,0,0,0,0,0,0,0,0,0,0,0,0,0,0,0,0,254,0,0,0,0,0,206,0,0,0,0,0,194,0,0,0,0,0,194,0,0,0,0,31,194,127,255,255,248,63,194,255,255,255,252,0,198,0,0,0,0,0,194,0,0,0,0,0,198,0,0,0,0,0,254,0,0,0,0,0,124,0,0,0,0,0,0,0,0,0,0,0,0,0,0,0,0},
  {0,0,0,0,0,0,0,0,0,0,0,0,0,62,0,0,0,0,0,127,0,0,0,0,0,99,0,0,0,0,0,67,0,0,0,0,0,99,0,0,0,0,63,195,127,255,255,252,31,195,63,255,255,248,0,67,0,0,0,0,0,67,0,0,0,0,0,115,0,0,0,0,0,127,0,0,0,0,0,0,0,0,0,0,0,0,0,0,0,0,0,0,0,0,0,0,0,0,0,0,0,0,0,0,0,0,0,0,0,0,0,0,120,0,0,0,0,1,252,0,0,0,0,1,140,0,0,0,0,1,132,0,0,0,0,1,132,0,63,255,255,255,133,252,63,255,255,255,133,252,0,0,0,1,132,0,0,0,0,1,132,0,0,0,0,1,140,0,0,0,0,1,252,0,0,0,0,0,112,0,0,0,0,0,0,0,0,0,0,0,0,0,0,0,0,0,0,0,0,0,0,0,0,0,0,0,0,0,0,0,0,127,0,0,0,0,0,103,0,0,0,0,0,99,0,0,0,0,0,67,0,0,0,0,31,195,63,255,255,248,63,195,127,255,255,252,0,99,0,0,0,0,0,67,0,0,0,0,0,99,0,0,0,0,0,127,0,0,0,0,0,62,0,0,0,0,0,0,0,0,0,0,0,0,0,0,0,0},
  {0,0,0,0,0,0,0,0,0,0,0,0,0,15,192,0,0,0,0,15,224,0,0,0,0,24,96,0,0,0,0,24,96,0,0,0,0,24,96,0,0,0,63,248,111,255,255,252,31,248,111,255,255,248,0,24,96,0,0,0,0,24,96,0,0,0,0,28,224,0,0,0,0,15,192,0,0,0,0,0,0,0,0,0,0,0,0,0,0,0,0,0,0,0,0,0,0,0,0,0,0,0,0,0,0,0,0,0,0,0,0,0,240,0,0,0,0,1,248,0,0,0,0,3,12,0,0,0,0,3,12,0,0,0,0,3,12,0,63,255,255,255,13,252,63,255,255,255,13,252,0,0,0,3,12,0,0,0,0,3,12,0,0,0,0,3,28,0,0,0,0,1,248,0,0,0,0,0,240,0,0,0,0,0,0,0,0,0,0,0,0,0,0,0,0,0,0,0,0,0,0,0,0,0,0,0,0,0,0,0,0,63,0,0,0,0,0,51,128,0,0,0,0,97,128,0,0,0,0,97,128,0,0,0,31,225,191,255,255,248,63,225,191,255,255,252,0,97,128,0,0,0,0,97,128,0,0,0,0,97,128,0,0,0,0,63,128,0,0,0,0,63,0,0,0,0,0,0,0,0,0,0,0,0,0,0,0,0},
  {0,0,0,0,0,0,0,0,0,0,0,0,0,3,224,0,0,0,0,7,240,0,0,0,0,4,48,0,0,0,0,4,48,0,0,0,0,12,48,0,0,0,63,252,55,255,255,252,31,252,51,255,255,248,0,4,48,0,0,0,0,4,48,0,0,0,0,7,48,0,0,0,0,7,240,0,0,0,0,0,0,0,0,0,0,0,0,0,0,0,0,0,0,0,0,0,0,0,0,0,0,0,0,0,0,0,0,0,0,0,0,0,240,0,0,0,0,3,248,0,0,0,0,3,24,0,0,0,0,3,8,0,0,0,0,3,8,0,63,255,255,255,11,252,63,255,255,255,11,252,0,0,0,3,8,0,0,0,0,3,8,0,0,0,0,3,24,0,0,0,0,3,248,0,0,0,0,0,240,0,0,0,0,0,0,0,0,0,0,0,0,0,0,0,0,0,0,0,0,0,0,0,0,0,0,0,0,0,0,0,0,63,128,0,0,0,0,51,128,0,0,0,0,49,128,0,0,0,0,33,128,0,0,0,31,225,159,255,255,248,63,225,191,255,255,252,0,49,128,0,0,0,0,33,128,0,0,0,0,49,128,0,0,0,0,63,128,0,0,0,0,31,0,0,0,0,0,0,0,0,0,0,0,0,0,0,0,0},
  {0,0,0,0,0,0,0,0,0,0,0,0,0,3,224,0,0,0,0,7,240,0,0,0,0,4,48,0,0,0,0,4,48,0,0,0,0,12,48,0,0,0,63,252,55,255,255,252,31,252,51,255,255,248,0,4,48,0,0,0,0,4,48,0,0,0,0,7,48,0,0,0,0,7,240,0,0,0,0,0,0,0,0,0,0,0,0,0,0,0,0,0,0,0,0,0,0,0,0,0,0,0,0,0,0,0,0,0,0,0,0,0,240,0,0,0,0,3,248,0,0,0,0,3,24,0,0,0,0,3,8,0,0,0,0,3,8,0,63,255,255,255,11,252,63,255,255,255,11,252,0,0,0,3,8,0,0,0,0,3,8,0,0,0,0,3,24,0,0,0,0,3,248,0,0,0,0,0,240,0,0,0,0,0,0,0,0,0,0,0,0,0,0,0,0,0,0,0,0,0,0,0,0,0,0,0,0,0,0,0,0,63,128,0,0,0,0,51,128,0,0,0,0,49,128,0,0,0,0,33,128,0,0,0,31,225,159,255,255,248,63,225,191,255,255,252,0,49,128,0,0,0,0,33,128,0,0,0,0,49,128,0,0,0,0,63,128,0,0,0,0,31,0,0,0,0,0,0,0,0,0,0,0,0,0,0,0,0},
  {0,0,0,0,0,0,0,0,0,0,0,0,0,3,224,0,0,0,0,7,240,0,0,0,0,4,48,0,0,0,0,4,48,0,0,0,0,12,48,0,0,0,63,252,55,255,255,252,31,252,51,255,255,248,0,4,48,0,0,0,0,4,48,0,0,0,0,7,48,0,0,0,0,7,240,0,0,0,0,0,0,0,0,0,0,0,0,0,0,0,0,0,0,0,0,0,0,0,0,0,0,0,0,0,0,0,0,0,0,0,0,0,240,0,0,0,0,3,248,0,0,0,0,3,24,0,0,0,0,3,8,0,0,0,0,3,8,0,63,255,255,255,11,252,63,255,255,255,11,252,0,0,0,3,8,0,0,0,0,3,8,0,0,0,0,3,24,0,0,0,0,3,248,0,0,0,0,0,240,0,0,0,0,0,0,0,0,0,0,0,0,0,0,0,0,0,0,0,0,0,0,0,0,0,0,0,0,0,0,0,0,63,128,0,0,0,0,51,128,0,0,0,0,49,128,0,0,0,0,33,128,0,0,0,31,225,159,255,255,248,63,225,191,255,255,252,0,49,128,0,0,0,0,33,128,0,0,0,0,49,128,0,0,0,0,63,128,0,0,0,0,31,0,0,0,0,0,0,0,0,0,0,0,0,0,0,0,0}
};

void setup() {
  display.begin(SSD1306_SWITCHCAPVCC, SCREEN_I2C_ADDR);
}

int frame = 0;
void loop() {
  display.clearDisplay();
  display.drawBitmap(40, 8, frames[frame], FRAME_WIDTH, FRAME_HEIGHT, 1);
  display.display();
  frame = (frame + 1) % FRAME_COUNT;
  delay(FRAME_DELAY);
}