#include <Adafruit_GFX.h>
#include <Adafruit_SSD1306.h>

#define SCREEN_I2C_ADDR 0x3D // or 0x3C
#define SCREEN_WIDTH 128     // OLED display width, in pixels
#define SCREEN_HEIGHT 64     // OLED display height, in pixels
#define OLED_RST_PIN -1      // Reset pin (-1 if not available)

Adafruit_SSD1306 display(128, 64, &Wire, OLED_RST_PIN);

// OLED Animation: computer display
// Code auto-generated by https://wokwi.com/animator, graphics by icons8.com

#define FRAME_DELAY (42)
#define FRAME_WIDTH (48)
#define FRAME_HEIGHT (48)
#define FRAME_COUNT (sizeof(frames) / sizeof(frames[0]))
const byte PROGMEM frames[][288] = {
  {0,0,0,0,0,0,0,0,0,0,0,0,0,0,0,0,0,0,0,0,0,0,0,0,31,255,255,255,255,248,63,255,255,255,255,252,48,0,0,0,0,12,48,0,0,0,0,12,48,0,0,0,0,12,48,0,0,0,0,12,48,0,0,0,0,12,48,0,0,0,0,12,48,0,0,0,0,12,48,0,0,0,0,12,48,0,0,0,0,12,48,0,0,0,0,12,48,0,0,0,0,12,48,0,0,0,0,12,48,0,0,0,0,12,48,0,0,0,0,12,48,0,0,0,0,12,48,0,0,0,0,12,48,0,0,0,0,12,48,0,0,0,0,12,48,0,0,0,0,12,48,0,0,0,0,12,48,0,0,0,0,12,63,255,255,255,255,252,63,255,255,255,255,252,48,0,0,0,0,12,48,0,0,0,0,12,48,0,0,0,1,140,48,0,0,0,0,140,48,0,0,0,0,12,63,255,255,255,255,252,31,255,255,255,255,248,7,255,255,255,255,224,0,0,48,12,0,0,0,0,48,12,0,0,0,1,255,255,128,0,0,7,255,255,224,0,0,7,0,0,224,0,0,6,0,0,96,0,0,15,255,255,240,0,0,7,255,255,224,0,0,0,0,0,0,0,0,0,0,0,0,0,0,0,0,0,0,0},
  {0,0,0,0,0,0,0,0,0,0,0,0,0,0,0,0,0,0,0,0,0,0,0,0,31,255,255,255,255,248,63,255,255,255,255,252,48,0,0,0,0,12,48,0,0,0,0,12,48,0,0,0,0,12,48,0,0,0,0,12,48,0,0,0,0,12,48,0,0,0,0,12,48,0,0,0,0,12,48,0,0,0,0,12,48,0,0,0,0,12,48,0,0,0,0,12,48,0,0,0,0,12,48,0,0,0,0,12,48,0,0,0,0,12,48,0,0,0,0,12,48,0,0,0,0,12,48,0,0,0,0,12,48,0,0,0,0,12,48,0,0,0,0,12,48,0,0,0,0,12,48,0,0,0,0,12,48,0,0,0,0,12,63,255,255,255,255,252,63,255,255,255,255,252,48,0,0,0,0,12,48,0,0,0,0,12,48,0,0,0,1,140,48,0,0,0,0,140,48,0,0,0,0,12,63,255,255,255,255,252,31,255,255,255,255,248,7,255,255,255,255,224,0,0,48,12,0,0,0,0,48,12,0,0,0,1,255,255,128,0,0,7,255,255,224,0,0,7,0,0,224,0,0,6,0,0,96,0,0,15,255,255,240,0,0,7,255,255,224,0,0,0,0,0,0,0,0,0,0,0,0,0,0,0,0,0,0,0},
  {0,0,0,0,0,0,0,0,0,0,0,0,0,0,0,0,0,0,0,0,0,0,0,0,31,255,255,255,255,248,63,255,255,255,255,252,48,0,0,0,0,12,48,0,0,0,0,12,48,0,0,0,0,12,48,0,0,0,0,12,48,0,0,0,0,12,48,0,0,0,0,12,48,0,0,0,0,12,48,0,0,0,0,12,48,0,0,0,0,12,48,0,0,0,0,12,48,0,0,0,0,12,48,0,0,0,0,12,48,0,0,0,0,12,48,0,0,0,0,12,48,0,0,0,0,12,48,0,0,0,0,12,48,0,0,0,0,12,48,0,0,0,0,12,48,0,0,0,0,12,48,0,0,0,0,12,48,0,0,0,0,12,63,255,255,255,255,252,63,255,255,255,255,252,48,0,0,0,0,12,48,0,0,0,0,12,48,0,0,0,1,140,48,0,0,0,0,140,48,0,0,0,0,12,63,255,255,255,255,252,31,255,255,255,255,248,7,255,255,255,255,224,0,0,48,12,0,0,0,0,48,12,0,0,0,1,255,255,128,0,0,7,255,255,224,0,0,7,0,0,224,0,0,6,0,0,96,0,0,15,255,255,240,0,0,7,255,255,224,0,0,0,0,0,0,0,0,0,0,0,0,0,0,0,0,0,0,0},
  {0,0,0,0,0,0,0,0,0,0,0,0,0,0,0,0,0,0,0,0,0,0,0,0,31,255,255,255,255,248,63,255,255,255,255,252,48,0,0,0,0,12,48,0,0,0,0,12,48,0,0,0,0,12,48,0,0,0,0,12,48,0,0,0,0,12,48,0,0,0,0,12,48,0,0,0,0,12,48,0,0,0,0,12,48,0,0,0,0,12,48,0,0,0,0,12,48,0,0,0,0,12,48,0,0,0,0,12,48,0,0,0,0,12,48,0,0,0,0,12,48,0,0,0,0,12,48,0,0,0,0,12,48,0,0,0,0,12,48,0,0,0,0,12,48,0,0,0,0,12,48,0,0,0,0,12,48,0,0,0,0,12,63,255,255,255,255,252,63,255,255,255,255,252,48,0,0,0,0,12,48,0,0,0,0,12,48,0,0,0,0,140,48,0,0,0,0,140,48,0,0,0,0,12,63,255,255,255,255,252,63,255,255,255,255,252,15,255,255,255,255,240,0,0,48,12,0,0,0,0,48,12,0,0,0,0,127,254,0,0,0,3,255,255,192,0,0,7,0,0,224,0,0,6,0,0,96,0,0,15,255,255,240,0,0,7,255,255,224,0,0,0,0,0,0,0,0,0,0,0,0,0,0,0,0,0,0,0},
  {0,0,0,0,0,0,0,0,0,0,0,0,0,0,0,0,0,0,7,255,255,255,255,224,63,255,255,255,255,252,63,255,255,255,255,252,48,0,0,0,0,12,48,0,0,0,0,12,48,0,0,0,0,12,48,0,0,0,0,12,48,0,0,0,0,12,48,0,0,0,0,12,48,0,0,0,0,12,48,0,0,0,0,12,48,0,0,0,0,12,48,0,0,0,0,12,48,0,0,0,0,12,48,0,0,0,0,12,48,0,0,0,0,12,48,0,0,0,0,12,48,0,0,0,0,12,48,0,0,0,0,12,48,0,0,0,0,12,48,0,0,0,0,12,48,0,0,0,0,12,48,0,0,0,0,12,48,0,0,0,0,12,127,255,255,255,255,254,127,255,255,255,255,254,48,0,0,0,0,12,48,0,0,0,0,12,48,0,0,0,0,140,48,0,0,0,0,12,48,0,0,0,0,12,48,0,0,0,0,12,63,255,255,255,255,252,31,255,255,255,255,248,0,0,48,12,0,0,0,0,48,12,0,0,0,0,255,255,0,0,0,7,255,255,224,0,0,7,255,255,224,0,0,14,0,0,112,0,0,15,255,255,240,0,0,15,255,255,240,0,0,3,255,255,192,0,0,0,0,0,0,0,0,0,0,0,0,0},
  {0,0,0,0,0,0,0,0,0,0,0,0,0,0,0,0,0,0,31,255,255,255,255,248,63,255,255,255,255,252,112,0,0,0,0,14,96,0,0,0,0,6,96,0,0,0,0,6,96,0,0,0,0,6,96,0,0,0,0,6,96,0,0,0,0,6,96,0,0,0,0,6,96,0,0,0,0,6,96,0,0,0,0,6,96,0,0,0,0,6,96,0,0,0,0,6,96,0,0,0,0,6,96,0,0,0,0,6,96,0,0,0,0,6,96,0,0,0,0,6,96,0,0,0,0,6,96,0,0,0,0,6,96,0,0,0,0,6,96,0,0,0,0,6,96,0,0,0,0,6,96,0,0,0,0,6,96,0,0,0,0,6,127,255,255,255,255,254,127,255,255,255,255,254,96,0,0,0,0,6,96,0,0,0,0,6,96,0,0,0,0,6,96,0,0,0,0,6,96,0,0,0,0,6,112,0,0,0,0,14,63,255,255,255,255,252,31,255,255,255,255,248,0,0,48,12,0,0,0,0,48,12,0,0,0,0,48,12,0,0,0,3,255,255,192,0,0,7,255,255,224,0,0,14,0,0,112,0,0,12,0,0,48,0,0,15,255,255,240,0,0,7,255,255,224,0,0,0,0,0,0,0,0,0,0,0,0,0},
  {0,0,0,0,0,0,0,0,0,0,0,0,0,0,0,0,0,0,31,255,255,255,255,248,63,255,255,255,255,252,112,0,0,0,0,14,96,0,0,0,0,6,96,0,0,0,0,6,96,0,0,0,0,6,96,0,0,0,0,6,96,0,0,0,0,6,96,0,0,0,0,6,96,0,0,0,0,6,96,0,0,0,0,6,96,0,0,0,0,6,96,0,0,0,0,6,96,0,0,0,0,6,96,0,0,0,0,6,96,0,0,0,0,6,96,0,0,0,0,6,96,0,0,0,0,6,96,0,0,0,0,6,96,0,0,0,0,6,96,0,0,0,0,6,96,0,0,0,0,6,96,0,0,0,0,6,96,0,0,0,0,6,127,255,255,255,255,254,127,255,255,255,255,254,96,0,0,0,0,6,96,0,0,0,0,6,96,0,0,0,0,6,96,0,0,0,0,6,96,0,0,0,0,6,96,0,0,0,0,6,63,255,255,255,255,252,63,255,255,255,255,252,0,0,48,12,0,0,0,0,48,12,0,0,0,0,48,12,0,0,0,3,255,255,192,0,0,7,255,255,224,0,0,14,0,0,112,0,0,12,0,0,48,0,0,15,255,255,240,0,0,7,255,255,224,0,0,0,0,0,0,0,0,0,0,0,0,0},
  {0,0,0,0,0,0,0,0,0,0,0,0,0,0,0,0,0,0,7,255,255,255,255,224,63,255,255,255,255,252,63,255,255,255,255,252,48,0,0,0,0,12,48,0,0,0,0,12,48,0,0,0,0,12,48,0,0,0,0,12,48,0,0,0,0,12,48,0,0,0,0,12,48,0,0,0,0,12,48,0,0,0,0,12,48,0,0,0,0,12,48,0,0,0,0,12,48,0,0,0,0,12,48,0,0,0,0,12,48,0,0,0,0,12,48,0,0,0,0,12,48,0,0,0,0,12,48,0,0,0,0,12,48,0,0,0,0,12,48,0,0,0,0,12,48,0,0,0,0,12,48,0,0,0,0,12,48,0,0,0,0,12,127,255,255,255,255,254,127,255,255,255,255,254,48,0,0,0,0,12,48,0,0,0,0,12,48,0,0,0,0,12,48,0,0,0,0,12,48,0,0,0,0,12,48,0,0,0,0,12,63,255,255,255,255,252,31,255,255,255,255,248,0,0,48,12,0,0,0,0,48,12,0,0,0,0,255,255,0,0,0,7,255,255,224,0,0,7,255,255,224,0,0,14,0,0,112,0,0,15,255,255,240,0,0,15,255,255,240,0,0,3,255,255,192,0,0,0,0,0,0,0,0,0,0,0,0,0},
  {0,0,0,0,0,0,0,0,0,0,0,0,0,0,0,0,0,0,0,0,0,0,0,0,31,255,255,255,255,248,63,255,255,255,255,252,48,0,0,0,0,12,48,0,0,0,0,12,48,0,0,0,0,12,48,0,0,0,0,12,48,0,0,0,0,12,48,0,0,0,0,12,48,0,0,0,0,12,48,0,0,0,0,12,48,0,0,0,0,12,48,0,0,0,0,12,48,0,0,0,0,12,48,0,0,0,0,12,48,0,0,0,0,12,48,0,0,0,0,12,48,0,0,0,0,12,48,0,0,0,0,12,48,0,0,0,0,12,48,0,0,0,0,12,48,0,0,0,0,12,48,0,0,0,0,12,48,0,0,0,0,12,63,255,255,255,255,252,63,255,255,255,255,252,48,0,0,0,0,12,48,0,0,0,0,12,48,0,0,0,1,140,48,0,0,0,0,12,48,0,0,0,0,12,63,255,255,255,255,252,31,255,255,255,255,248,0,0,56,28,0,0,0,0,48,12,0,0,0,0,48,12,0,0,0,1,255,255,128,0,0,7,255,255,224,0,0,6,0,0,96,0,0,6,0,0,96,0,0,7,255,255,224,0,0,7,255,255,224,0,0,0,0,0,0,0,0,0,0,0,0,0,0,0,0,0,0,0},
  {0,0,0,0,0,0,0,0,0,0,0,0,0,0,0,0,0,0,0,0,0,0,0,0,15,255,255,255,255,240,31,255,255,255,255,248,24,0,0,0,0,24,48,0,0,0,0,12,48,0,0,0,0,12,48,0,0,0,0,12,48,0,0,0,0,12,48,0,0,0,0,12,48,0,0,0,0,12,48,0,0,0,0,12,48,0,0,0,0,12,48,0,0,0,0,12,48,0,0,0,0,12,48,0,0,0,0,12,48,0,0,0,0,12,48,0,0,0,0,12,48,0,0,0,0,12,48,0,0,0,0,12,48,0,0,0,0,12,48,0,0,0,0,12,48,0,0,0,0,12,56,0,0,0,0,12,60,0,0,0,0,28,63,255,255,255,255,252,63,255,255,255,255,252,48,0,0,0,0,12,48,0,0,0,1,140,48,0,0,0,1,140,48,0,0,0,1,140,16,0,0,0,0,8,31,255,255,255,255,248,31,255,255,255,255,240,0,0,56,28,0,0,0,0,48,12,0,0,0,0,48,12,0,0,0,3,255,255,192,0,0,7,255,255,224,0,0,6,0,0,96,0,0,6,0,0,96,0,0,7,255,255,224,0,0,7,255,255,224,0,0,0,0,0,0,0,0,0,0,0,0,0,0,0,0,0,0,0},
  {0,0,0,0,0,0,0,0,0,0,0,0,0,0,0,0,0,0,0,0,0,0,0,0,15,255,255,255,255,240,31,255,255,255,255,248,56,0,0,0,0,28,48,0,0,0,0,12,48,0,0,0,0,12,48,0,0,0,0,12,48,0,0,0,0,12,48,0,0,0,0,12,48,0,0,0,0,12,48,0,0,0,0,12,48,0,0,0,0,12,48,0,0,0,0,12,48,0,0,0,0,12,48,0,0,0,0,12,48,0,0,0,0,12,48,0,0,0,0,12,48,0,0,0,0,12,48,0,0,0,0,12,48,0,0,0,0,12,56,0,0,0,0,12,60,0,0,0,0,12,62,0,0,0,0,12,55,0,0,0,0,12,63,255,255,255,255,252,63,255,255,255,255,252,48,0,0,0,0,12,48,0,0,0,1,140,48,0,0,0,1,140,48,0,0,0,1,140,48,0,0,0,0,12,31,255,255,255,255,248,31,255,255,255,255,248,0,0,56,28,0,0,0,0,48,12,0,0,0,0,48,12,0,0,0,3,255,255,192,0,0,7,255,255,224,0,0,6,0,0,96,0,0,6,0,0,96,0,0,7,255,255,224,0,0,7,255,255,224,0,0,0,0,0,0,0,0,0,0,0,0,0,0,0,0,0,0,0},
  {0,0,0,0,0,0,0,0,0,0,0,0,0,0,0,0,0,0,0,0,0,0,0,0,31,255,255,255,255,248,63,255,255,255,255,252,48,0,0,0,0,12,48,0,0,0,0,12,48,0,0,0,0,12,48,0,0,0,0,12,48,0,0,0,0,12,48,0,0,0,0,12,48,0,0,0,0,12,48,0,0,0,0,12,48,0,0,0,0,12,48,0,0,0,0,12,48,0,0,0,0,12,48,0,0,0,0,12,48,0,0,0,0,12,56,0,0,0,0,12,60,0,0,0,0,12,62,0,0,0,0,12,55,0,0,0,0,12,51,128,0,0,0,12,49,192,0,0,0,12,48,224,0,0,0,12,48,112,0,0,0,12,63,255,255,255,255,252,63,255,255,255,255,252,48,0,0,0,0,12,48,0,0,0,0,140,48,0,0,0,1,140,48,0,0,0,0,140,48,0,0,0,0,12,63,255,255,255,255,252,31,255,255,255,255,248,0,0,56,28,0,0,0,0,48,12,0,0,0,0,48,12,0,0,0,1,255,255,128,0,0,7,255,255,224,0,0,6,0,0,96,0,0,6,0,0,96,0,0,7,255,255,224,0,0,7,255,255,224,0,0,0,0,0,0,0,0,0,0,0,0,0,0,0,0,0,0,0},
  {0,0,0,0,0,0,0,0,0,0,0,0,0,0,0,0,0,0,0,0,0,0,0,0,31,255,255,255,255,248,63,255,255,255,255,252,48,0,0,0,0,12,48,0,0,0,0,12,48,0,0,0,0,12,48,0,0,0,0,12,48,0,0,0,0,12,48,0,0,0,0,12,48,0,0,0,0,12,48,0,0,0,0,12,56,0,0,0,0,12,60,0,0,0,0,12,54,0,0,0,0,12,51,0,0,0,0,12,49,128,0,0,0,12,48,192,0,0,0,12,48,96,0,0,0,12,48,48,0,0,0,12,56,24,0,0,0,12,60,12,0,0,0,12,62,6,0,0,0,12,55,3,0,0,0,12,51,131,192,0,0,12,63,255,255,255,255,252,63,255,255,255,255,252,48,0,0,0,0,12,48,0,0,0,0,12,48,0,0,0,1,140,48,0,0,0,1,140,48,0,0,0,0,12,63,255,255,255,255,252,31,255,255,255,255,248,7,255,255,255,255,224,0,0,48,12,0,0,0,0,48,12,0,0,0,1,255,255,128,0,0,7,255,255,224,0,0,7,0,0,224,0,0,6,0,0,96,0,0,7,255,255,224,0,0,7,255,255,224,0,0,0,0,0,0,0,0,0,0,0,0,0,0,0,0,0,0,0},
  {0,0,0,0,0,0,0,0,0,0,0,0,0,0,0,0,0,0,0,0,0,0,0,0,31,255,255,255,255,248,63,255,255,255,255,252,48,0,0,0,0,12,48,0,0,0,0,12,56,0,0,0,0,12,60,0,0,0,0,12,54,0,0,0,0,12,51,0,0,0,0,12,49,128,0,0,0,12,48,192,0,0,0,12,48,96,0,0,0,12,48,48,0,0,0,12,56,24,0,0,0,12,60,12,0,0,0,12,62,6,0,0,0,12,55,3,0,0,0,12,51,129,128,0,0,12,49,192,192,0,0,12,48,224,96,0,0,12,48,112,48,0,0,12,48,56,24,0,0,12,48,28,12,0,0,12,48,14,6,0,0,12,63,255,255,255,255,252,63,255,255,255,255,252,48,0,0,0,0,12,48,0,0,0,0,12,48,0,0,0,1,140,48,0,0,0,0,140,48,0,0,0,0,12,63,255,255,255,255,252,31,255,255,255,255,248,7,255,255,255,255,224,0,0,48,12,0,0,0,0,48,12,0,0,0,1,255,255,128,0,0,7,255,255,224,0,0,7,0,0,224,0,0,6,0,0,96,0,0,15,255,255,240,0,0,7,255,255,224,0,0,0,0,0,0,0,0,0,0,0,0,0,0,0,0,0,0,0},
  {0,0,0,0,0,0,0,0,0,0,0,0,0,0,0,0,0,0,0,0,0,0,0,0,31,255,255,255,255,248,63,255,255,255,255,252,48,192,0,0,0,12,48,96,0,0,0,12,48,48,0,0,0,12,56,24,0,0,0,12,60,12,0,0,0,12,62,6,0,0,0,12,55,3,0,0,0,12,51,129,128,0,0,12,49,192,192,0,0,12,48,224,96,0,0,12,48,112,48,0,0,12,48,56,24,0,0,12,48,28,12,0,0,12,48,14,6,0,0,12,48,7,3,0,0,12,48,3,129,128,0,12,48,1,192,192,0,12,48,0,224,96,0,12,48,0,112,48,0,12,48,0,56,56,0,12,48,0,28,28,0,12,63,255,255,255,255,252,63,255,255,255,255,252,48,0,0,0,0,12,48,0,0,0,0,12,48,0,0,0,1,140,48,0,0,0,0,140,48,0,0,0,0,12,63,255,255,255,255,252,31,255,255,255,255,248,7,255,255,255,255,224,0,0,48,12,0,0,0,0,48,12,0,0,0,1,255,255,128,0,0,7,255,255,224,0,0,7,0,0,224,0,0,6,0,0,96,0,0,15,255,255,240,0,0,7,255,255,224,0,0,0,0,0,0,0,0,0,0,0,0,0,0,0,0,0,0,0},
  {0,0,0,0,0,0,0,0,0,0,0,0,0,0,0,0,0,0,0,0,0,0,0,0,31,255,255,255,255,248,63,255,255,255,255,252,51,129,128,0,0,12,49,192,192,0,0,12,48,224,96,0,0,12,48,112,48,0,0,12,48,56,24,0,0,12,48,28,12,0,0,12,48,14,6,0,0,12,48,7,3,0,0,12,48,3,129,128,0,12,48,1,192,192,0,12,48,0,224,112,0,12,48,0,112,56,0,12,48,0,56,28,0,12,48,0,28,14,0,12,48,0,14,7,0,12,48,0,7,3,128,12,48,0,3,129,192,12,48,0,1,192,224,12,48,0,0,224,112,12,48,0,0,112,56,12,48,0,0,56,28,12,63,255,255,255,255,252,63,255,255,255,255,252,48,0,0,0,0,12,48,0,0,0,0,12,48,0,0,0,1,140,48,0,0,0,0,140,48,0,0,0,0,12,63,255,255,255,255,252,31,255,255,255,255,248,7,255,255,255,255,224,0,0,48,12,0,0,0,0,48,12,0,0,0,1,255,255,128,0,0,7,255,255,224,0,0,7,0,0,224,0,0,6,0,0,96,0,0,15,255,255,240,0,0,7,255,255,224,0,0,0,0,0,0,0,0,0,0,0,0,0,0,0,0,0,0,0},
  {0,0,0,0,0,0,0,0,0,0,0,0,0,0,0,0,0,0,0,0,0,0,0,0,31,255,255,255,255,248,63,255,255,255,255,252,48,7,3,128,0,12,48,3,129,192,0,12,48,1,192,224,0,12,48,0,224,112,0,12,48,0,112,56,0,12,48,0,56,28,0,12,48,0,28,14,0,12,48,0,14,7,0,12,48,0,7,3,128,12,48,0,3,129,192,12,48,0,1,192,224,12,48,0,0,224,112,12,48,0,0,112,56,12,48,0,0,56,28,12,48,0,0,28,14,12,48,0,0,14,7,12,48,0,0,7,3,140,48,0,0,3,129,204,48,0,0,1,192,236,48,0,0,0,224,124,48,0,0,0,112,60,63,255,255,255,255,252,63,255,255,255,255,252,48,0,0,0,0,12,48,0,0,0,0,12,48,0,0,0,1,140,48,0,0,0,0,140,48,0,0,0,0,12,63,255,255,255,255,252,31,255,255,255,255,248,7,255,255,255,255,224,0,0,48,12,0,0,0,0,48,12,0,0,0,1,255,255,128,0,0,7,255,255,224,0,0,7,0,0,224,0,0,6,0,0,96,0,0,15,255,255,240,0,0,7,255,255,224,0,0,0,0,0,0,0,0,0,0,0,0,0,0,0,0,0,0,0},
  {0,0,0,0,0,0,0,0,0,0,0,0,0,0,0,0,0,0,0,0,0,0,0,0,31,255,255,255,255,248,63,255,255,255,255,252,48,0,6,7,0,12,48,0,3,3,128,12,48,0,1,129,192,12,48,0,0,192,224,12,48,0,0,96,112,12,48,0,0,48,56,12,48,0,0,24,28,12,48,0,0,12,14,12,48,0,0,6,7,12,48,0,0,3,3,140,48,0,0,1,129,204,48,0,0,0,192,236,48,0,0,0,96,124,48,0,0,0,48,60,48,0,0,0,24,28,48,0,0,0,12,12,48,0,0,0,6,12,48,0,0,0,3,12,48,0,0,0,1,140,48,0,0,0,1,204,48,0,0,0,0,236,63,255,255,255,255,252,63,255,255,255,255,252,48,0,0,0,0,12,48,0,0,0,0,12,48,0,0,0,1,140,48,0,0,0,0,140,48,0,0,0,0,12,63,255,255,255,255,252,31,255,255,255,255,248,7,255,255,255,255,224,0,0,48,12,0,0,0,0,48,12,0,0,0,1,255,255,128,0,0,7,255,255,224,0,0,7,0,0,224,0,0,6,0,0,96,0,0,15,255,255,240,0,0,7,255,255,224,0,0,0,0,0,0,0,0,0,0,0,0,0,0,0,0,0,0,0},
  {0,0,0,0,0,0,0,0,0,0,0,0,0,0,0,0,0,0,0,0,0,0,0,0,31,255,255,255,255,248,63,255,255,255,255,252,48,0,0,28,12,12,48,0,0,14,6,12,48,0,0,7,3,12,48,0,0,3,129,140,48,0,0,1,192,204,48,0,0,0,224,108,48,0,0,0,112,60,48,0,0,0,56,28,48,0,0,0,28,12,48,0,0,0,14,12,48,0,0,0,7,12,48,0,0,0,3,140,48,0,0,0,1,204,48,0,0,0,0,236,48,0,0,0,0,124,48,0,0,0,0,60,48,0,0,0,0,28,48,0,0,0,0,12,48,0,0,0,0,12,48,0,0,0,0,12,48,0,0,0,0,12,63,255,255,255,255,252,63,255,255,255,255,252,48,0,0,0,0,12,48,0,0,0,0,12,48,0,0,0,1,140,48,0,0,0,0,140,48,0,0,0,0,12,63,255,255,255,255,252,31,255,255,255,255,248,7,255,255,255,255,224,0,0,48,12,0,0,0,0,48,12,0,0,0,1,255,255,128,0,0,7,255,255,224,0,0,7,0,0,224,0,0,6,0,0,96,0,0,15,255,255,240,0,0,7,255,255,224,0,0,0,0,0,0,0,0,0,0,0,0,0,0,0,0,0,0,0},
  {0,0,0,0,0,0,0,0,0,0,0,0,0,0,0,0,0,0,0,0,0,0,0,0,31,255,255,255,255,248,63,255,255,255,255,252,48,0,0,0,112,60,48,0,0,0,56,28,48,0,0,0,28,12,48,0,0,0,14,12,48,0,0,0,7,12,48,0,0,0,3,12,48,0,0,0,1,140,48,0,0,0,0,204,48,0,0,0,0,108,48,0,0,0,0,60,48,0,0,0,0,28,48,0,0,0,0,12,48,0,0,0,0,12,48,0,0,0,0,12,48,0,0,0,0,12,48,0,0,0,0,12,48,0,0,0,0,12,48,0,0,0,0,12,48,0,0,0,0,12,48,0,0,0,0,12,48,0,0,0,0,12,63,255,255,255,255,252,63,255,255,255,255,252,48,0,0,0,0,12,48,0,0,0,0,12,48,0,0,0,1,140,48,0,0,0,0,140,48,0,0,0,0,12,63,255,255,255,255,252,31,255,255,255,255,248,7,255,255,255,255,224,0,0,48,12,0,0,0,0,48,12,0,0,0,1,255,255,128,0,0,7,255,255,224,0,0,7,0,0,224,0,0,6,0,0,96,0,0,15,255,255,240,0,0,7,255,255,224,0,0,0,0,0,0,0,0,0,0,0,0,0,0,0,0,0,0,0},
  {0,0,0,0,0,0,0,0,0,0,0,0,0,0,0,0,0,0,0,0,0,0,0,0,31,255,255,255,255,248,63,255,255,255,255,252,48,0,0,0,3,12,48,0,0,0,1,140,48,0,0,0,0,204,48,0,0,0,0,108,48,0,0,0,0,60,48,0,0,0,0,28,48,0,0,0,0,12,48,0,0,0,0,12,48,0,0,0,0,12,48,0,0,0,0,12,48,0,0,0,0,12,48,0,0,0,0,12,48,0,0,0,0,12,48,0,0,0,0,12,48,0,0,0,0,12,48,0,0,0,0,12,48,0,0,0,0,12,48,0,0,0,0,12,48,0,0,0,0,12,48,0,0,0,0,12,48,0,0,0,0,12,63,255,255,255,255,252,63,255,255,255,255,252,48,0,0,0,0,12,48,0,0,0,0,12,48,0,0,0,1,140,48,0,0,0,0,140,48,0,0,0,0,12,63,255,255,255,255,252,31,255,255,255,255,248,7,255,255,255,255,224,0,0,48,12,0,0,0,0,48,12,0,0,0,1,255,255,128,0,0,7,255,255,224,0,0,7,0,0,224,0,0,6,0,0,96,0,0,15,255,255,240,0,0,7,255,255,224,0,0,0,0,0,0,0,0,0,0,0,0,0,0,0,0,0,0,0},
  {0,0,0,0,0,0,0,0,0,0,0,0,0,0,0,0,0,0,0,0,0,0,0,0,31,255,255,255,255,248,63,255,255,255,255,252,48,0,0,0,0,60,48,0,0,0,0,28,48,0,0,0,0,12,48,0,0,0,0,12,48,0,0,0,0,12,48,0,0,0,0,12,48,0,0,0,0,12,48,0,0,0,0,12,48,0,0,0,0,12,48,0,0,0,0,12,48,0,0,0,0,12,48,0,0,0,0,12,48,0,0,0,0,12,48,0,0,0,0,12,48,0,0,0,0,12,48,0,0,0,0,12,48,0,0,0,0,12,48,0,0,0,0,12,48,0,0,0,0,12,48,0,0,0,0,12,48,0,0,0,0,12,63,255,255,255,255,252,63,255,255,255,255,252,48,0,0,0,0,12,48,0,0,0,0,12,48,0,0,0,1,140,48,0,0,0,0,140,48,0,0,0,0,12,63,255,255,255,255,252,31,255,255,255,255,248,7,255,255,255,255,224,0,0,48,12,0,0,0,0,48,12,0,0,0,1,255,255,128,0,0,7,255,255,224,0,0,7,0,0,224,0,0,6,0,0,96,0,0,15,255,255,240,0,0,7,255,255,224,0,0,0,0,0,0,0,0,0,0,0,0,0,0,0,0,0,0,0},
  {0,0,0,0,0,0,0,0,0,0,0,0,0,0,0,0,0,0,0,0,0,0,0,0,31,255,255,255,255,248,63,255,255,255,255,252,48,0,0,0,0,12,48,0,0,0,0,12,48,0,0,0,0,12,48,0,0,0,0,12,48,0,0,0,0,12,48,0,0,0,0,12,48,0,0,0,0,12,48,0,0,0,0,12,48,0,0,0,0,12,48,0,0,0,0,12,48,0,0,0,0,12,48,0,0,0,0,12,48,0,0,0,0,12,48,0,0,0,0,12,48,0,0,0,0,12,48,0,0,0,0,12,48,0,0,0,0,12,48,0,0,0,0,12,48,0,0,0,0,12,48,0,0,0,0,12,48,0,0,0,0,12,63,255,255,255,255,252,63,255,255,255,255,252,48,0,0,0,0,12,48,0,0,0,0,12,48,0,0,0,1,140,48,0,0,0,0,140,48,0,0,0,0,12,63,255,255,255,255,252,31,255,255,255,255,248,7,255,255,255,255,224,0,0,48,12,0,0,0,0,48,12,0,0,0,1,255,255,128,0,0,7,255,255,224,0,0,7,0,0,224,0,0,6,0,0,96,0,0,15,255,255,240,0,0,7,255,255,224,0,0,0,0,0,0,0,0,0,0,0,0,0,0,0,0,0,0,0},
  {0,0,0,0,0,0,0,0,0,0,0,0,0,0,0,0,0,0,0,0,0,0,0,0,31,255,255,255,255,248,63,255,255,255,255,252,48,0,0,0,0,12,48,0,0,0,0,12,48,0,0,0,0,12,48,0,0,0,0,12,48,0,0,0,0,12,48,0,0,0,0,12,48,0,0,0,0,12,48,0,0,0,0,12,48,0,0,0,0,12,48,0,0,0,0,12,48,0,0,0,0,12,48,0,0,0,0,12,48,0,0,0,0,12,48,0,0,0,0,12,48,0,0,0,0,12,48,0,0,0,0,12,48,0,0,0,0,12,48,0,0,0,0,12,48,0,0,0,0,12,48,0,0,0,0,12,48,0,0,0,0,12,63,255,255,255,255,252,63,255,255,255,255,252,48,0,0,0,0,12,48,0,0,0,0,12,48,0,0,0,1,140,48,0,0,0,0,140,48,0,0,0,0,12,63,255,255,255,255,252,31,255,255,255,255,248,7,255,255,255,255,224,0,0,48,12,0,0,0,0,48,12,0,0,0,1,255,255,128,0,0,7,255,255,224,0,0,7,0,0,224,0,0,6,0,0,96,0,0,15,255,255,240,0,0,7,255,255,224,0,0,0,0,0,0,0,0,0,0,0,0,0,0,0,0,0,0,0},
  {0,0,0,0,0,0,0,0,0,0,0,0,0,0,0,0,0,0,0,0,0,0,0,0,31,255,255,255,255,248,63,255,255,255,255,252,48,0,0,0,0,12,48,0,0,0,0,12,48,0,0,0,0,12,48,0,0,0,0,12,48,0,0,0,0,12,48,0,0,0,0,12,48,0,0,0,0,12,48,0,0,0,0,12,48,0,0,0,0,12,48,0,0,0,0,12,48,0,0,0,0,12,48,0,0,0,0,12,48,0,0,0,0,12,48,0,0,0,0,12,48,0,0,0,0,12,48,0,0,0,0,12,48,0,0,0,0,12,48,0,0,0,0,12,48,0,0,0,0,12,48,0,0,0,0,12,48,0,0,0,0,12,63,255,255,255,255,252,63,255,255,255,255,252,48,0,0,0,0,12,48,0,0,0,0,12,48,0,0,0,1,140,48,0,0,0,0,140,48,0,0,0,0,12,63,255,255,255,255,252,31,255,255,255,255,248,7,255,255,255,255,224,0,0,48,12,0,0,0,0,48,12,0,0,0,1,255,255,128,0,0,7,255,255,224,0,0,7,0,0,224,0,0,6,0,0,96,0,0,15,255,255,240,0,0,7,255,255,224,0,0,0,0,0,0,0,0,0,0,0,0,0,0,0,0,0,0,0},
  {0,0,0,0,0,0,0,0,0,0,0,0,0,0,0,0,0,0,0,0,0,0,0,0,31,255,255,255,255,248,63,255,255,255,255,252,48,0,0,0,0,12,48,0,0,0,0,12,48,0,0,0,0,12,48,0,0,0,0,12,48,0,0,0,0,12,48,0,0,0,0,12,48,0,0,0,0,12,48,0,0,0,0,12,48,0,0,0,0,12,48,0,0,0,0,12,48,0,0,0,0,12,48,0,0,0,0,12,48,0,0,0,0,12,48,0,0,0,0,12,48,0,0,0,0,12,48,0,0,0,0,12,48,0,0,0,0,12,48,0,0,0,0,12,48,0,0,0,0,12,48,0,0,0,0,12,48,0,0,0,0,12,63,255,255,255,255,252,63,255,255,255,255,252,48,0,0,0,0,12,48,0,0,0,0,12,48,0,0,0,1,140,48,0,0,0,0,140,48,0,0,0,0,12,63,255,255,255,255,252,31,255,255,255,255,248,7,255,255,255,255,224,0,0,48,12,0,0,0,0,48,12,0,0,0,1,255,255,128,0,0,7,255,255,224,0,0,7,0,0,224,0,0,6,0,0,96,0,0,15,255,255,240,0,0,7,255,255,224,0,0,0,0,0,0,0,0,0,0,0,0,0,0,0,0,0,0,0},
  {0,0,0,0,0,0,0,0,0,0,0,0,0,0,0,0,0,0,0,0,0,0,0,0,31,255,255,255,255,248,63,255,255,255,255,252,48,0,0,0,0,12,48,0,0,0,0,12,48,0,0,0,0,12,48,0,0,0,0,12,48,0,0,0,0,12,48,0,0,0,0,12,48,0,0,0,0,12,48,0,0,0,0,12,48,0,0,0,0,12,48,0,0,0,0,12,48,0,0,0,0,12,48,0,0,0,0,12,48,0,0,0,0,12,48,0,0,0,0,12,48,0,0,0,0,12,48,0,0,0,0,12,48,0,0,0,0,12,48,0,0,0,0,12,48,0,0,0,0,12,48,0,0,0,0,12,48,0,0,0,0,12,63,255,255,255,255,252,63,255,255,255,255,252,48,0,0,0,0,12,48,0,0,0,0,12,48,0,0,0,1,140,48,0,0,0,0,140,48,0,0,0,0,12,63,255,255,255,255,252,31,255,255,255,255,248,7,255,255,255,255,224,0,0,48,12,0,0,0,0,48,12,0,0,0,1,255,255,128,0,0,7,255,255,224,0,0,7,0,0,224,0,0,6,0,0,96,0,0,15,255,255,240,0,0,7,255,255,224,0,0,0,0,0,0,0,0,0,0,0,0,0,0,0,0,0,0,0},
  {0,0,0,0,0,0,0,0,0,0,0,0,0,0,0,0,0,0,0,0,0,0,0,0,31,255,255,255,255,248,63,255,255,255,255,252,48,0,0,0,0,12,48,0,0,0,0,12,48,0,0,0,0,12,48,0,0,0,0,12,48,0,0,0,0,12,48,0,0,0,0,12,48,0,0,0,0,12,48,0,0,0,0,12,48,0,0,0,0,12,48,0,0,0,0,12,48,0,0,0,0,12,48,0,0,0,0,12,48,0,0,0,0,12,48,0,0,0,0,12,48,0,0,0,0,12,48,0,0,0,0,12,48,0,0,0,0,12,48,0,0,0,0,12,48,0,0,0,0,12,48,0,0,0,0,12,48,0,0,0,0,12,63,255,255,255,255,252,63,255,255,255,255,252,48,0,0,0,0,12,48,0,0,0,0,12,48,0,0,0,1,140,48,0,0,0,0,140,48,0,0,0,0,12,63,255,255,255,255,252,31,255,255,255,255,248,7,255,255,255,255,224,0,0,48,12,0,0,0,0,48,12,0,0,0,1,255,255,128,0,0,7,255,255,224,0,0,7,0,0,224,0,0,6,0,0,96,0,0,15,255,255,240,0,0,7,255,255,224,0,0,0,0,0,0,0,0,0,0,0,0,0,0,0,0,0,0,0}
};

void setup() {
  display.begin(SSD1306_SWITCHCAPVCC, SCREEN_I2C_ADDR);
}

int frame = 0;
void loop() {
  display.clearDisplay();
  display.drawBitmap(40, 8, frames[frame], FRAME_WIDTH, FRAME_HEIGHT, 1);
  display.display();
  frame = (frame + 1) % FRAME_COUNT;
  delay(FRAME_DELAY);
}
